using 1 locales
initializing index
0	initialized partitions in 260710.0 microseconds
0	started batch indexers in 312.0 microseconds
0	stopped batch indexers in 1.09320e+07 microseconds
indexing complete in 1.09324e+07 microseconds
---querying 2 on each locale
AL-0,1, 1289.0,376
---querying 2 on remote locales
---querying for 3
B,1, 290.0,375
---querying for 3 AND 2
C,1, 239.0,0
---querying for 3 OR 2
D,1, 283.0,751
---querying for missing term
E,1, 33.0,0
using 2 locales
initializing index
0	initialized partitions in 509197.0 microseconds
0	started batch indexers in 226.0 microseconds
0	stopped batch indexers in 2.08886e+07 microseconds
indexing complete in 2.08888e+07 microseconds
---querying 2 on each locale
AL-0,2, 124.0,376
AL-1,2, 122.0,344
---querying 2 on remote locales
AR-0,2, 8212.0 6391.0 6286.0 6219.0 6176.0 6130.0 6479.0 6347.0 6739.0 6941.0 6867.0 6772.0 6890.0 6642.0 6510.0 6890.0 6604.0 6822.0 6646.0 6519.0 6852.0 6903.0 6748.0 6957.0 7010.0 6838.0 6864.0 6809.0 6986.0 7208.0 7420.0 7703.0 7748.0 7565.0 7615.0 7409.0 7499.0 7399.0 7767.0 7804.0 7734.0 7648.0 7562.0 7540.0 7688.0 7856.0 7808.0 7642.0 7714.0 7855.0 8057.0 7930.0 7823.0 7973.0 8092.0 7972.0 7867.0 8216.0 8963.0 8339.0 8346.0 8154.0 8029.0 8138.0 8636.0 8608.0 8720.0 8526.0 8793.0 8925.0 8833.0 8848.0 9001.0 9044.0 9011.0 8794.0 9223.0 9111.0 9049.0 9145.0 9018.0 9045.0 9470.0 9099.0 9349.0 9535.0 9160.0 9830.0 9555.0 9451.0 9237.0 9858.0 10073.0 9912.0 9296.0 10141.0 10533.0 10164.0 9789.0 9682.0 9787.0 10086.0 10060.0 10790.0 10247.0 10772.0 10778.0 10149.0 10445.0 10947.0 10710.0 10372.0 10591.0 10454.0 10770.0 10699.0 10956.0 10816.0 10710.0 10651.0 10578.0 10458.0 10578.0 10869.0 10790.0 11054.0 10702.0 11361.0 11322.0 10734.0 10285.0 10787.0 11170.0 11168.0 12559.0 11759.0 12246.0 12241.0 11433.0 11604.0 12252.0 12346.0 15751.0 13562.0 13359.0 11507.0 12350.0 11805.0 12726.0 12161.0 12943.0 12098.0 12905.0 13106.0 12389.0 12184.0 12107.0 11859.0 12260.0 12296.0 11985.0 12493.0 12730.0 12777.0 13281.0 12356.0 13399.0 12916.0 13255.0 13455.0 13029.0 13074.0 13294.0 13290.0 13717.0 13697.0 13911.0 12951.0 13746.0 13600.0 13998.0 13931.0 13900.0 13667.0 14317.0 14240.0 13775.0 13742.0 14915.0 13944.0 13848.0 13674.0 13707.0 14162.0 13677.0 14089.0 14175.0 14556.0 13777.0 14244.0 14310.0 14887.0 15257.0 15138.0 14682.0 15127.0 14247.0 14578.0 14636.0 14509.0 14671.0 14638.0 14740.0 15599.0 15500.0 15127.0 15688.0 15916.0 16218.0 16649.0 15943.0 15414.0 15222.0 15416.0 16254.0 15191.0 15397.0 15785.0 14872.0 14880.0 15447.0 15743.0 15518.0 16434.0 15924.0 15962.0 15630.0 15713.0 15983.0 16360.0 15593.0 16767.0 16642.0 16653.0 16100.0 17026.0 16269.0 16418.0 16343.0 16813.0 16813.0 16828.0 15060.0 16553.0 16059.0 15308.0 15810.0 15932.0 15569.0 15994.0 15828.0 16454.0 16659.0 15831.0 15966.0 16113.0 16042.0 16210.0 16627.0 18030.0 19053.0 16465.0 16494.0 16455.0 16287.0 16650.0 17823.0 16806.0 16811.0 17045.0 17063.0 17097.0 18772.0 17403.0 16509.0 16720.0 16402.0 17044.0 17718.0 16605.0 17435.0 17209.0 17091.0 16826.0 17374.0 17499.0 17556.0 17213.0 17815.0 17230.0 17597.0 16934.0 18547.0 17755.0 18449.0 17331.0 18200.0 17749.0 18431.0 17802.0 17977.0 17738.0 18820.0 19280.0 19190.0 19117.0 19040.0 18523.0 18421.0 18896.0 18793.0 18379.0 18493.0 18600.0 19980.0 19036.0 18970.0 19075.0 19637.0 20018.0 19483.0 19435.0 19517.0 20738.0 19917.0 19113.0 20031.0 20480.0 20455.0 21236.0 20319.0 19520.0 20204.0 19317.0 19055.0 19020.0 19115.0 19679.0 19243.0 19195.0 19509.0 20225.0 18821.0 19825.0 19406.0 19403.0 19284.0 19662.0 19038.0 20177.0 19375.0 20199.0 19830.0 20433.0 19780.0 19381.0 19875.0 20724.0 19996.0 19843.0 20225.0 19780.0 19775.0 19905.0 20222.0 19958.0 20533.0 20351.0 20509.0 20666.0 21055.0 20273.0 20965.0 21189.0 21641.0 20491.0 21458.0 21451.0 21647.0 22025.0 22974.0 23307.0 22971.0 22105.0 22112.0 21685.0 22120.0 21825.0 22452.0 21334.0 22681.0 21776.0 22848.0 22613.0 22739.0 22294.0 22989.0 22429.0 22636.0 22914.0 22055.0 22753.0 22819.0 22460.0 22551.0 22722.0 22581.0 22573.0 25111.0 22897.0 21475.0 21721.0 22185.0 22219.0 22384.0 21921.0 21828.0 22930.0 21761.0 22782.0 22690.0 22176.0 22882.0 22664.0 22347.0 22136.0 22075.0 22705.0 24053.0 25837.0 22332.0 22544.0 22745.0 23003.0 22695.0 23150.0 23864.0 23402.0 22652.0 22897.0 23727.0 22500.0 23076.0 22462.0 23072.0 22690.0 23211.0 23151.0 23075.0 24346.0 23161.0 23738.0 23750.0 23402.0 23481.0 23233.0 24157.0 23320.0 23392.0 24305.0 24647.0 24399.0 25141.0 24738.0 25093.0 24968.0 23947.0 24899.0 24681.0 24853.0 25764.0 25115.0 29283.0 28745.0 27046.0 26208.0 26623.0 25349.0 25642.0 26521.0 26345.0 26337.0 27121.0 26678.0 26945.0 26804.0 26763.0 27732.0 26158.0 25187.0 24974.0 25246.0 24827.0 25778.0 25144.0 25121.0 24907.0 24765.0 25219.0 25431.0 24574.0 26995.0 25520.0 25713.0 25176.0 26398.0 25913.0 25874.0 25705.0 25699.0 25857.0 25915.0 28341.0 27083.0 25907.0 26058.0 25840.0 27569.0 25516.0 26625.0 26272.0 26693.0 27582.0 26154.0 27502.0 26772.0 26825.0 27394.0 27886.0 27954.0 27731.0 26272.0 27872.0 26223.0 26323.0 26904.0 26729.0 27050.0 27581.0 27692.0 26860.0 27862.0 26761.0 28872.0 26883.0 27690.0 27321.0 28546.0 27543.0 28339.0 29771.0 28997.0 27398.0 28832.0 28311.0 28931.0 29298.0 29065.0 28006.0 28193.0 27838.0 28139.0 27634.0 27959.0 27912.0 28116.0 27833.0 28338.0 27976.0 27953.0 28660.0 29350.0 28511.0 29116.0 29472.0 28936.0 29357.0 29075.0 29227.0 30236.0 27734.0 29546.0 27944.0 28561.0 28532.0 29765.0 30672.0 30992.0 30041.0 28450.0 28571.0 29357.0 29985.0 29797.0 29618.0 29687.0 29345.0 29996.0 29252.0 30578.0 30015.0 30468.0 30805.0 30256.0 31245.0 30989.0 30561.0 30757.0 32251.0 31066.0 31469.0 31268.0 30128.0 31634.0 30694.0 31135.0 31530.0 31434.0 30833.0 31120.0 33269.0 33635.0 31725.0 31457.0 31622.0 31820.0 32502.0 31946.0 31872.0 31721.0 31368.0 33260.0 31919.0 32866.0 31506.0 31928.0 31876.0 32722.0 31668.0 32962.0 33179.0 32912.0 31899.0 32762.0 32397.0 33077.0 32298.0 32848.0 32370.0 32744.0 32260.0 33103.0 34600.0 34510.0 33355.0 33143.0 32687.0 32953.0 33018.0 33691.0 32622.0 33216.0 33107.0 33079.0 33551.0 33404.0 32922.0 32245.0 31595.0 32312.0 32644.0 31945.0 31760.0 31711.0 31661.0 32036.0 33094.0 32322.0 32202.0 31590.0 32305.0 31916.0 31996.0 33430.0 34852.0 34223.0 33360.0 33752.0 32999.0 33183.0 35766.0 34214.0 34064.0 34380.0 35331.0 33919.0 34714.0 34426.0 34448.0 34469.0 35262.0 35529.0 32804.0 33294.0 34439.0 32424.0 34101.0 32700.0 33859.0 34397.0 34291.0 34125.0 34014.0 34984.0 35487.0 37580.0 34524.0 34847.0 34389.0 35348.0 34931.0 35959.0 35946.0 35861.0 35774.0 35526.0 35975.0 36441.0 35564.0 36835.0 35999.0 35396.0 36272.0 35675.0 37251.0 35216.0 35891.0 35971.0 36828.0 35765.0 34538.0 35500.0 34623.0 35163.0 38681.0 36962.0 34178.0 35190.0 35461.0 35808.0 35156.0 34870.0 36084.0 35134.0 36151.0 35559.0 34573.0 36092.0 35323.0 35654.0 34931.0 36772.0 35155.0 35126.0 35624.0 36780.0 37792.0 36236.0 36389.0 37512.0 35897.0 37863.0 37394.0 38470.0 40411.0 37783.0 37615.0 38819.0 38895.0 37315.0 38169.0 37693.0 38151.0 37575.0 38913.0 38064.0 39016.0 37660.0 38582.0 37876.0 38805.0 37076.0 36554.0 36564.0 36643.0 37266.0 36699.0 36810.0 37180.0 36477.0 37387.0 39356.0 39834.0 37484.0 39593.0 38133.0 38440.0 38944.0 39253.0 39070.0 38768.0 39898.0 39969.0 38496.0 37475.0 38011.0 38029.0 36843.0 38638.0 38286.0 36484.0 38002.0 39148.0 37915.0 38503.0 38149.0 39131.0 38414.0 41834.0 39722.0 39861.0 39769.0 39850.0 40251.0 39590.0 39822.0 41482.0 40039.0 40615.0 40230.0 40885.0 40340.0 40519.0 40462.0 40659.0 39909.0 41102.0 41566.0 41158.0 40801.0 40887.0 41661.0 40723.0 41968.0 43823.0 40664.0 41296.0 41319.0 41305.0 41100.0 41213.0 41817.0 41428.0 41325.0 41197.0 41878.0 41203.0 40907.0 41649.0 41360.0 42025.0 42913.0 41979.0 41244.0 41342.0 41655.0 42019.0 41166.0 42071.0 45016.0 43131.0 41440.0 42187.0 42416.0 42687.0 42528.0 42619.0 41522.0 42545.0 42540.0 42379.0 43148.0 42153.0 42185.0 42661.0 43375.0 42836.0 43181.0 42661.0 42467.0 43761.0 43584.0 43560.0 45389.0 44646.0 39937.0 41781.0 41141.0 41616.0 41984.0 40746.0 41240.0 43041.0 42034.0 45261.0 46084.0 46406.0 43929.0 44508.0 43573.0 43666.0 43201.0 43640.0 43589.0 43283.0 43248.0 43926.0 47002.0 44033.0 43499.0 43921.0 43006.0 41594.0 42688.0 41784.0 40878.0 41952.0 42261.0 43065.0 42847.0 42001.0 42464.0 42891.0 42309.0 41768.0 43066.0 42497.0 42773.0 43447.0 43746.0 43156.0 47437.0 44367.0 44215.0 44413.0 46478.0 45691.0 45431.0 43155.0 43221.0 43905.0 43720.0 43956.0 42778.0 44996.0 44133.0 44355.0 44552.0 48506.0 46998.0 47791.0 46581.0 47021.0 45505.0 46774.0 44676.0 44131.0 45237.0 49713.0 48343.0 46238.0 44861.0 44640.0 44460.0 46692.0 47985.0 47009.0 46568.0 46273.0 47567.0 46156.0 46815.0 46774.0 46990.0 46404.0 48194.0 50726.0 51142.0 51201.0 47132.0 47446.0 47936.0 46713.0 46676.0 46548.0 47741.0 46603.0 48250.0 47050.0 47897.0 46804.0 46472.0 47768.0 46953.0
---querying for 3
B,2, 63559.0,702
---querying for 3 AND 2
C,2, 1650.0,0
---querying for 3 OR 2
D,2, 126235.0,1422
---querying for missing term
E,2, 1527.0,0
using 3 locales
initializing index
0	initialized partitions in 1.05939e+06 microseconds
0	started batch indexers in 668.0 microseconds
0	stopped batch indexers in 2.35291e+07 microseconds
indexing complete in 2.35298e+07 microseconds
---querying 2 on each locale
AL-0,3, 115.0,376
AL-1,3, 106.0,344
AL-2,3, 109.0,353
---querying 2 on remote locales
AR-0,3, 7674.0 7712.0 7435.0 7721.0 7871.0 7701.0 7715.0 7650.0 7980.0 8162.0 7810.0 7718.0 8188.0 8358.0 8215.0 8045.0 8714.0 8540.0 8662.0 8759.0 8142.0 8680.0 8748.0 8566.0 9178.0 8898.0 9405.0 8562.0 9648.0 8966.0 9078.0 8773.0 8971.0 9041.0 8995.0 9136.0 9171.0 9607.0 9120.0 9091.0 9284.0 9790.0 9228.0 9062.0 9383.0 9437.0 9283.0 9458.0 9614.0 9524.0 9765.0 10223.0 9841.0 9682.0 9904.0 9810.0 10071.0 10536.0 9909.0 10001.0 9885.0 10173.0 10329.0 10354.0 10488.0 10608.0 10333.0 10470.0 10571.0 10487.0 10412.0 10431.0 11044.0 10652.0 10589.0 11079.0 11176.0 10716.0 10815.0 11343.0 10930.0 11147.0 11427.0 10864.0 11365.0 11664.0 11375.0 10915.0 11870.0 11717.0 11316.0 11313.0 11820.0 11794.0 11495.0 11540.0 11917.0 12046.0 12020.0 11890.0 12348.0 11811.0 12141.0 12055.0 11988.0 12849.0 12606.0 12362.0 12564.0 12488.0 12367.0 12537.0 12489.0 12708.0 12166.0 12730.0 13297.0 12697.0 12765.0 12989.0 12934.0 12619.0 13199.0 12427.0 13411.0 13173.0 12897.0 12964.0 12827.0 13072.0 13571.0 13370.0 13569.0 13626.0 13405.0 13581.0 13257.0 13303.0 13805.0 13536.0 13782.0 13893.0 14013.0 13740.0 13746.0 13902.0 13968.0 13623.0 14819.0 14394.0 13935.0 14050.0 14174.0 14197.0 14177.0 14552.0 14383.0 14748.0 14696.0 14627.0 14379.0 14728.0 14486.0 14469.0 14953.0 14869.0 15123.0 14524.0 15110.0 15343.0 14596.0 15726.0 15238.0 15691.0 15419.0 15167.0 15318.0 15178.0 14886.0 15589.0 15778.0 15511.0 15397.0 15437.0 16117.0 15413.0 15819.0 15649.0 16118.0 15898.0 15567.0 16228.0 15582.0 16334.0 16988.0 16303.0 15956.0 16653.0 16245.0 16993.0 16544.0 16870.0 16582.0 16716.0 16905.0 16863.0 16572.0 16204.0 17315.0 17314.0 17022.0 16853.0 17077.0 16628.0 16629.0 16216.0 15595.0 16130.0 17251.0 17418.0 19014.0 17440.0 16706.0 18257.0 17268.0 17368.0 17933.0 17593.0 17813.0 17704.0 18184.0 17746.0 17953.0 17816.0 17996.0 18187.0 18036.0 18274.0 17845.0 18169.0 18835.0 18019.0 18751.0 17725.0 19029.0 18626.0 18419.0 18213.0 18588.0 18721.0 19044.0 19127.0 18828.0 19220.0 19015.0 19269.0 19163.0 19026.0 19077.0 19489.0 19583.0 19688.0 19490.0 19445.0 19510.0 19850.0 19901.0 19538.0 19214.0 19862.0 20009.0 19966.0 19452.0 19679.0 19420.0 19851.0 20032.0 20308.0 19996.0 20290.0 20052.0 20062.0 20542.0 20431.0 20622.0 20304.0 20552.0 20542.0 20794.0 20422.0 20590.0 20825.0 20714.0 20946.0 20991.0 20565.0 21263.0 20776.0 21023.0 21188.0 21175.0 21264.0 21355.0 21191.0 20847.0 21497.0 21176.0 21366.0 21427.0 21355.0 21733.0 21532.0 22234.0 22482.0 22306.0 22307.0 22556.0 22521.0 22708.0 22362.0 22893.0 22800.0 22971.0 22770.0 22293.0 22845.0 23340.0 23031.0 23557.0 23290.0 23336.0 23346.0 23029.0 23506.0 23336.0 23312.0 23695.0 23080.0 23173.0 23609.0 23244.0 23791.0 23161.0 23870.0 23900.0 23804.0 23841.0 23827.0 24213.0 23766.0 24014.0 24149.0 24392.0 24095.0 23977.0 24319.0 24614.0 24301.0 24604.0 23702.0 24494.0 24658.0 25183.0 24727.0 24926.0 25023.0 24957.0 24586.0 25006.0 25068.0 25335.0 25144.0 24954.0 25378.0 25211.0 25237.0 25163.0 25139.0 25491.0 25611.0 25343.0 25308.0 25920.0 25421.0 25552.0 26021.0 25857.0 25976.0 25884.0 25803.0 26252.0 25929.0 26135.0 26158.0 26199.0 26506.0 26529.0 26176.0 26716.0 26385.0 26419.0 26632.0 26536.0 26716.0 26244.0 26893.0 26932.0 26159.0 25942.0 26996.0 27049.0 27008.0 26813.0 26675.0 26966.0 27299.0 27212.0 27440.0 27156.0 27156.0 27901.0 27185.0 27341.0 27363.0 27627.0 27535.0 27242.0 27946.0 27717.0 27808.0 28419.0 27933.0 28157.0 27421.0 27253.0 28652.0 28115.0 28451.0 28267.0 27679.0 28172.0 27627.0 27467.0 27464.0 28561.0 28080.0 28492.0 28751.0 28580.0 28694.0 29001.0 28365.0 28410.0 29948.0 29032.0 29233.0 28711.0 29298.0 29142.0 29390.0 28724.0 29502.0 29480.0 29688.0 30151.0 30907.0 30405.0 31531.0 30900.0 30007.0 30808.0 30570.0 30638.0 30870.0 31058.0 31209.0 30888.0 31051.0 31115.0 31485.0 29471.0 30473.0 31184.0 31298.0 31099.0 31334.0 32417.0 29925.0 29988.0 30389.0 30414.0 28908.0 29574.0 29533.0 30374.0 30216.0 32523.0 32069.0 31809.0 31823.0 31598.0 31686.0 31173.0 31537.0 32607.0 32848.0 32726.0 32683.0 32723.0 32997.0 32587.0 32465.0 32983.0 32959.0 32450.0 32704.0 32752.0 32960.0 33298.0 32931.0 33153.0 32778.0 33295.0 33186.0 33303.0 33399.0 33399.0 33472.0 33653.0 33896.0 33711.0 34085.0 33727.0 33939.0 33922.0 33775.0 34128.0 33713.0 34080.0 34040.0 33930.0 34176.0 34093.0 34314.0 34333.0 33565.0 34111.0 34648.0 34704.0 34574.0 34415.0 34837.0 34885.0 35014.0 34784.0 34894.0 34826.0 34806.0 35169.0 35168.0 34933.0 35042.0 34971.0 34124.0 33844.0 35457.0 35252.0 35719.0 34817.0 34516.0 34429.0 34493.0 34560.0 34346.0 34196.0 33997.0 33328.0 32209.0 33333.0 33053.0 32719.0 33208.0 33328.0 32866.0 32545.0 32698.0 32952.0 32320.0 32610.0 32991.0 33058.0 32535.0 35057.0 35565.0 35216.0 35961.0 35658.0 36126.0 35744.0 35440.0 35825.0 36174.0 35958.0 35928.0 36059.0 35597.0 35059.0 33664.0 35503.0 35536.0 36752.0 36366.0 36087.0 36355.0 36673.0 36308.0 36815.0 36469.0 36742.0 36833.0 36322.0 37304.0 37113.0 37099.0 37087.0 37105.0 36944.0 37502.0 37418.0 37354.0 37321.0 37330.0 37493.0 37497.0 37477.0 37177.0 36307.0 36896.0 38367.0 37492.0 37475.0 38005.0 38166.0 37715.0 37834.0 37797.0 38406.0 37758.0 38037.0 37833.0 38430.0 38126.0 38264.0 38115.0 38164.0 38086.0 37905.0 38497.0 38347.0 37980.0 38909.0 38335.0 38555.0 37919.0 38608.0 39231.0 38978.0 38951.0 39465.0 38878.0 39014.0 39299.0 38965.0 38012.0 39788.0 39059.0 38861.0 39259.0 39230.0 39315.0 39675.0 39604.0 39542.0 39301.0 39626.0 39856.0 39501.0 39675.0 37074.0 39073.0 39620.0 39683.0 40970.0 38783.0 40525.0 38836.0 39927.0 40392.0 38230.0 40763.0 40224.0 40996.0 40791.0 40399.0 41144.0 40891.0 39324.0 39824.0 39145.0 40990.0 40698.0 40725.0 41344.0 41280.0 40357.0 40928.0 40863.0 40505.0 41934.0 41674.0 41059.0 41350.0 41254.0 41546.0 42057.0 41486.0 41682.0 41790.0 42169.0 41800.0 41633.0 39829.0 41795.0 42072.0 41671.0 42035.0 42330.0 42432.0 42073.0 42671.0 42040.0 41902.0 41973.0 42563.0 42757.0 42768.0 42915.0 42677.0 42618.0 42578.0 42552.0 42144.0 41363.0 41808.0 41614.0 41383.0 41987.0 41447.0 41870.0 42079.0 41613.0 41506.0 42046.0 42175.0 42187.0 41391.0 42145.0 42214.0 42930.0 42556.0 41412.0 41846.0 42502.0 42965.0 42679.0 42663.0 42686.0 42484.0 43029.0 43185.0 42923.0 42733.0 42944.0 42551.0 43091.0 42222.0 43437.0 42912.0 43601.0 42895.0 42272.0 43497.0 43635.0 43208.0 43360.0 43350.0 43256.0 43695.0 43765.0 43602.0 44192.0 43752.0 43874.0 44077.0 43517.0 43974.0 44369.0 43973.0 43705.0 44136.0 44239.0 43798.0 44137.0 43710.0 44325.0 43294.0 45335.0 44294.0 44597.0 43995.0 44491.0 44803.0 44603.0 45518.0 44515.0 44977.0 45033.0 45031.0 45169.0 45021.0 45170.0 44926.0 45616.0 45548.0 45666.0 44988.0 46175.0 45626.0 46257.0 46982.0 47078.0 46950.0 46973.0 46967.0 46749.0 46900.0 47260.0 47898.0 47148.0 47276.0 47510.0 47257.0 46933.0 47764.0 48034.0 47887.0 47426.0 47535.0 47604.0 46447.0 44570.0 46757.0 47087.0 48091.0 48297.0 47420.0 48235.0 47840.0 48272.0 48201.0 48393.0 48246.0 48224.0 48185.0 48438.0 48665.0 48909.0 48723.0 48963.0 48564.0 48729.0 48814.0 46898.0 48101.0 49244.0 49187.0 49054.0 49332.0 49203.0 48980.0 49463.0 49385.0 49582.0 49404.0 48900.0 49215.0 49820.0 49828.0 50136.0 49722.0 49618.0 49710.0 49037.0 48498.0 49650.0 49777.0 50264.0 50576.0 50658.0 50371.0 50091.0 49592.0 50643.0 50531.0 50120.0 50282.0 50473.0 51484.0 50600.0 50515.0 49981.0 50382.0 50462.0 48370.0 47349.0 50566.0 50831.0 50900.0 50796.0 49808.0 49111.0 50089.0 47368.0 46935.0 46735.0 48113.0 50345.0 50145.0 50173.0 50318.0 50062.0 50187.0 49768.0 50481.0 50177.0 48895.0 49794.0 50556.0 50429.0 50173.0 50307.0 51467.0 50091.0 50840.0 50156.0 50837.0 51209.0 51366.0 51314.0 51312.0 50879.0 50194.0 50446.0 51141.0 50433.0 50485.0 50548.0 51525.0 51291.0 51507.0 50472.0 51613.0 51147.0 51526.0 51399.0 51872.0 51686.0 52033.0 52136.0 52086.0 51761.0 51752.0 51690.0 51837.0 51969.0 51657.0 50939.0 52249.0 52519.0 52967.0 52795.0 52914.0 52465.0 51842.0 52892.0 52574.0 53172.0 52423.0 52886.0 53609.0 52420.0 52791.0 52622.0 53066.0 53183.0 52730.0 52867.0 53448.0 53530.0 54904.0 55000.0 54988.0 54614.0 55713.0 55445.0 55312.0 55374.0 54881.0 54282.0 55139.0 55225.0 54939.0 55655.0 55423.0
AR-0,3, 7623.0 7383.0 7874.0 8113.0 7953.0 7727.0 8083.0 8280.0 8179.0 7732.0 8555.0 8087.0 8466.0 8276.0 8281.0 8373.0 8533.0 8353.0 8759.0 8662.0 8930.0 8971.0 8818.0 9139.0 9122.0 8995.0 8959.0 9097.0 9162.0 9041.0 9340.0 9484.0 9543.0 9040.0 9406.0 9317.0 9723.0 9622.0 9176.0 9378.0 9609.0 9528.0 9809.0 9559.0 9752.0 9896.0 9988.0 9924.0 10005.0 9757.0 9940.0 10177.0 9925.0 10354.0 10641.0 10318.0 10621.0 10587.0 10556.0 10520.0 11065.0 10430.0 10552.0 10977.0 10851.0 10672.0 10940.0 10953.0 11061.0 10979.0 10809.0 11135.0 11148.0 11200.0 11069.0 11283.0 11517.0 11586.0 11489.0 11563.0 11214.0 11353.0 11575.0 11779.0 11464.0 11815.0 11962.0 11924.0 11966.0 11949.0 12116.0 12078.0 12262.0 12214.0 12441.0 12057.0 12300.0 12527.0 12179.0 12730.0 12574.0 12327.0 12239.0 12335.0 12827.0 12327.0 12519.0 12290.0 12723.0 13172.0 13071.0 13107.0 13104.0 12708.0 12771.0 13252.0 13268.0 13187.0 13434.0 13440.0 13276.0 13608.0 13832.0 13360.0 12708.0 13476.0 13087.0 13266.0 12800.0 13455.0 13912.0 13851.0 14174.0 13870.0 13497.0 13499.0 13513.0 13625.0 13943.0 14065.0 14333.0 14251.0 14574.0 14363.0 13664.0 13950.0 13862.0 13554.0 14250.0 14821.0 14596.0 14804.0 14735.0 14254.0 14122.0 13942.0 14175.0 14466.0 15129.0 15521.0 15218.0 15263.0 15085.0 14750.0 14765.0 14822.0 15096.0 15275.0 15674.0 15556.0 15597.0 15802.0 15092.0 15239.0 15088.0 14903.0 15892.0 16107.0 16199.0 15988.0 16007.0 15669.0 15187.0 15523.0 15295.0 15417.0 15319.0 14786.0 15496.0 15755.0 15996.0 16848.0 16612.0 16748.0 16681.0 15862.0 15840.0 15936.0 15844.0 16755.0 17195.0 17056.0 17380.0 17062.0 16597.0 19260.0 17496.0 17358.0 17668.0 17250.0 17675.0 17290.0 17808.0 17071.0 19553.0 18121.0 17813.0 17481.0 16912.0 16663.0 18219.0 18061.0 17811.0 17744.0 16215.0 18181.0 16222.0 16944.0 16589.0 17000.0 17477.0 17787.0 18502.0 17971.0 18422.0 18504.0 18772.0 19108.0 18797.0 18840.0 18133.0 18071.0 17896.0 17778.0 18852.0 18994.0 18874.0 18758.0 19482.0 19381.0 19806.0 19471.0 19544.0 19744.0 19322.0 19330.0 19905.0 19519.0 19649.0 19825.0 20092.0 19954.0 19500.0 19549.0 19367.0 19782.0 19670.0 19530.0 19767.0 19315.0 19500.0 20021.0 19418.0 19725.0 19830.0 19753.0 19851.0 19644.0 20139.0 19996.0 20249.0 20276.0 20223.0 20444.0 19618.0 20368.0 20598.0 20340.0 20770.0 20711.0 20619.0 20033.0 20921.0 20900.0 20729.0 21101.0 20838.0 20634.0 20970.0 21130.0 21192.0 21047.0 21340.0 21313.0 21688.0 21386.0 21540.0 21406.0 21507.0 21577.0 21700.0 21410.0 21582.0 21209.0 21208.0 21410.0 21626.0 21751.0 21842.0 21701.0 21839.0 22205.0 22020.0 22447.0 22287.0 22005.0 21995.0 22651.0 22238.0 22429.0 22890.0 22661.0 22416.0 23060.0 22643.0 22524.0 22772.0 22460.0 22804.0 23064.0 23208.0 23205.0 22794.0 23192.0 22702.0 22689.0 23232.0 22891.0 23264.0 23392.0 23352.0 23627.0 23488.0 23578.0 23641.0 23553.0 23359.0 23437.0 23768.0 23792.0 23841.0 23605.0 23949.0 24085.0 23512.0 23997.0 23948.0 24099.0 24114.0 23843.0 24649.0 24082.0 23979.0 24431.0 23998.0 23312.0 24302.0 24705.0 24507.0 24793.0 24538.0 25129.0 24506.0 24636.0 24846.0 24922.0 24908.0 24866.0 24568.0 23634.0 23586.0 23635.0 24754.0 25086.0 25332.0 25547.0 26273.0 25688.0 25227.0 26985.0 26015.0 26037.0 24713.0 24067.0 23064.0 24617.0 23859.0 23597.0 25853.0 25105.0 25188.0 25647.0 26073.0 26125.0 26254.0 26329.0 26263.0 25985.0 25937.0 26314.0 26266.0 26612.0 26290.0 26971.0 26526.0 26446.0 26662.0 26893.0 26075.0 26373.0 26932.0 27254.0 27103.0 27192.0 27535.0 26818.0 27111.0 27550.0 27001.0 27300.0 27335.0 27669.0 27327.0 27035.0 27740.0 27693.0 27497.0 27618.0 28016.0 28076.0 27837.0 27634.0 28071.0 28000.0 28017.0 28125.0 28079.0 28370.0 28293.0 28173.0 28329.0 28384.0 28175.0 28614.0 28338.0 28295.0 28288.0 28226.0 28510.0 28728.0 28523.0 29083.0 28884.0 28886.0 29084.0 29018.0 29033.0 28929.0 28448.0 29153.0 29066.0 29354.0 29390.0 29181.0 29270.0 29509.0 29279.0 28958.0 29735.0 29647.0 29283.0 29638.0 29722.0 29853.0 29837.0 29806.0 29596.0 29966.0 30018.0 29459.0 30323.0 30046.0 28159.0 29690.0 30475.0 30204.0 30251.0 30097.0 30159.0 30677.0 30572.0 30652.0 30311.0 30840.0 30894.0 30957.0 31017.0 30678.0 31083.0 30869.0 30934.0 31157.0 31256.0 31402.0 30972.0 30199.0 29616.0 29689.0 31026.0 29401.0 28914.0 30057.0 29852.0 30056.0 30531.0 30508.0 29748.0 30098.0 30396.0 30702.0 32287.0 33061.0 32323.0 31350.0 33019.0 33468.0 33576.0 33430.0 33157.0 33715.0 33298.0 33295.0 33506.0 33423.0 33912.0 33793.0 33847.0 32217.0 31719.0 32798.0 33958.0 34026.0 34103.0 33630.0 33929.0 34471.0 34027.0 34031.0 33573.0 34334.0 34330.0 34056.0 34576.0 34409.0 34313.0 34863.0 34479.0 34585.0 34507.0 34934.0 34559.0 34983.0 34824.0 34823.0 34943.0 34927.0 34959.0 34937.0 35017.0 35180.0 34984.0 35184.0 35181.0 35361.0 35792.0 35667.0 35458.0 34986.0 34685.0 33073.0 35248.0 35973.0 36454.0 35260.0 35813.0 36085.0 36240.0 35586.0 36175.0 36034.0 36373.0 36633.0 34592.0 36200.0 36052.0 36541.0 36615.0 36781.0 36692.0 36649.0 35956.0 36670.0 36667.0 36638.0 36865.0 36878.0 36916.0 37128.0 35983.0 36889.0 36934.0 36717.0 36836.0 36984.0 37623.0 37552.0 37077.0 37369.0 37051.0 36498.0 36523.0 36367.0 36747.0 36746.0 36534.0 36673.0 36592.0 36351.0 36975.0 37039.0 36561.0 37172.0 36584.0 36900.0 36732.0 37086.0 34500.0 36205.0 36712.0 37185.0 37051.0 37560.0 37393.0 37311.0 37525.0 37962.0 37286.0 37677.0 37565.0 37775.0 37636.0 37361.0 38051.0 37999.0 37701.0 38072.0 37808.0 37957.0 38289.0 38213.0 38168.0 38610.0 38419.0 38157.0 37882.0 38380.0 38324.0 38368.0 38359.0 38530.0 38966.0 38781.0 38821.0 38776.0 38711.0 38742.0 38772.0 39241.0 39020.0 39091.0 38291.0 39603.0 39358.0 39153.0 39020.0 39056.0 39342.0 39610.0 39377.0 39802.0 39481.0 38926.0 39576.0 39552.0 38817.0 39812.0 39734.0 39899.0 39911.0 40039.0 38565.0 42044.0 39956.0 40078.0 39915.0 40526.0 38951.0 40330.0 40435.0 40735.0 40230.0 40396.0 40783.0 40693.0 40866.0 40384.0 40356.0 39615.0 40932.0 40817.0 40833.0 41306.0 40889.0 42056.0 41122.0 41274.0 41098.0 41576.0 40875.0 41184.0 40696.0 42009.0 41457.0 41951.0 41465.0 41588.0 41715.0 41842.0 41733.0 42314.0 41149.0 42372.0 41204.0 41911.0 42094.0 42323.0 42479.0 41973.0 42024.0 42652.0 42482.0 42299.0 41922.0 42643.0 42041.0 43032.0 42275.0 42795.0 42212.0 42259.0 42269.0 43053.0 42887.0 42040.0 43250.0 43159.0 42522.0 42080.0 42971.0 43149.0 43307.0 43629.0 43615.0 43300.0 43354.0 43395.0 43200.0 43019.0 43334.0 43398.0 43660.0 43915.0 43600.0 43610.0 43593.0 44086.0 43836.0 43519.0 43785.0 42512.0 43360.0 43955.0 44527.0 44035.0 44310.0 44524.0 44436.0 44462.0 44283.0 44339.0 44470.0 44540.0 44671.0 45047.0 44841.0 44530.0 45126.0 44869.0 44689.0 44623.0 44596.0 44497.0 46378.0 46708.0 44894.0 46724.0 47066.0 46666.0 46668.0 46933.0 47240.0 46644.0 47181.0 46830.0 47225.0 46806.0 47165.0 46947.0 46863.0 47248.0 46844.0 47062.0 47536.0 47476.0 47253.0 47250.0 46908.0 44669.0 46313.0 47993.0 48014.0 47905.0 47336.0 48029.0 47611.0 48614.0 48153.0 48162.0 48065.0 48175.0 48180.0 48081.0 47863.0 48826.0 48375.0 48595.0 48425.0 48418.0 48883.0 47702.0 48681.0 48863.0 49092.0 48665.0 49033.0 48557.0 49146.0 49043.0 49191.0 49030.0 48008.0 47893.0 47852.0 47834.0 47834.0 49355.0 45306.0 46864.0 45047.0 43806.0 45264.0 44371.0 45583.0 47557.0 47801.0 48936.0 48433.0 48303.0 48808.0 48495.0 48452.0 48952.0 48521.0 48937.0 47795.0 48969.0 47698.0 46767.0 49020.0 49111.0 49199.0 49166.0 48888.0 48220.0 50118.0 49428.0 49773.0 49257.0 49703.0 49636.0 49304.0 49252.0 49498.0 49242.0 49206.0 50228.0 50470.0 49933.0 49964.0 49347.0 50259.0 50081.0 49904.0 50088.0 49499.0 50275.0 50436.0 49844.0 50031.0 50181.0 50587.0 50176.0 49867.0 50402.0 50366.0 51846.0 50919.0 50627.0 50630.0 50072.0 51324.0 51134.0 51298.0 52381.0 51462.0 52493.0 53006.0 53223.0 52570.0 52935.0 52899.0 53077.0 52754.0 52285.0 53118.0 53297.0 53318.0 53049.0 52694.0 53001.0 53501.0 53791.0 53759.0 54277.0 51495.0 53025.0 53815.0 53465.0 53437.0 53799.0 53449.0 54092.0 53684.0 53572.0 54998.0 54909.0 53801.0 54110.0 53903.0 53749.0 54384.0 54053.0 53924.0 53279.0 53915.0 55768.0 53521.0 54469.0 54768.0 54459.0 54982.0 54597.0 55205.0 54253.0 55314.0 55291.0 54865.0 54722.0 54482.0 54815.0 55394.0 56100.0 55584.0 54944.0
---querying for 3
B,3, 74372.0,775
---querying for 3 AND 2
C,3, 2442.0,3
---querying for 3 OR 2
D,3, 145530.0,1538
---querying for missing term
E,3, 1621.0,0
using 4 locales
initializing index
0	initialized partitions in 1.0224e+06 microseconds
0	started batch indexers in 757.0 microseconds
0	stopped batch indexers in 2.51084e+07 microseconds
indexing complete in 2.51092e+07 microseconds
---querying 2 on each locale
AL-0,4, 118.0,376
AL-1,4, 116.0,344
AL-2,4, 114.0,353
AL-3,4, 108.0,324
---querying 2 on remote locales
AR-0,4, 11034.0 10727.0 10851.0 11731.0 11322.0 11813.0 11868.0 11162.0 12196.0 12342.0 11413.0 12088.0 11651.0 10593.0 12139.0 11081.0 11690.0 11868.0 11464.0 11579.0 12386.0 12373.0 12145.0 11706.0 11496.0 11555.0 11963.0 11810.0 11820.0 12317.0 12330.0 11953.0 12290.0 12289.0 11710.0 11987.0 12353.0 12047.0 12401.0 12503.0 12014.0 12684.0 12507.0 12854.0 12764.0 13500.0 12931.0 12650.0 13145.0 12914.0 13250.0 13510.0 13491.0 13375.0 12778.0 13252.0 13486.0 12774.0 12582.0 13689.0 13548.0 13277.0 13813.0 13493.0 13002.0 13152.0 13116.0 13008.0 12941.0 13776.0 13940.0 13586.0 13335.0 13163.0 14003.0 14122.0 14341.0 14077.0 13985.0 14466.0 13840.0 13968.0 14510.0 14389.0 13920.0 14565.0 14028.0 14392.0 14605.0 14934.0 14648.0 14437.0 14327.0 15300.0 15019.0 14675.0 14584.0 15518.0 14399.0 15216.0 14847.0 15007.0 15290.0 15424.0 14621.0 14667.0 16068.0 15047.0 14873.0 14912.0 15555.0 15412.0 16054.0 15679.0 15515.0 15577.0 16137.0 15526.0 15996.0 16119.0 16156.0 16171.0 16153.0 16441.0 16292.0 15572.0 16161.0 16147.0 16394.0 15996.0 16445.0 16455.0 16226.0 15927.0 16643.0 16026.0 15700.0 15995.0 15597.0 15075.0 15357.0 16064.0 16326.0 16513.0 16436.0 16449.0 16754.0 16459.0 16373.0 17271.0 16828.0 16827.0 17548.0 16935.0 17350.0 16881.0 16504.0 17317.0 17934.0 17611.0 17296.0 17419.0 17360.0 17617.0 17500.0 17494.0 17447.0 17783.0 17587.0 17407.0 17306.0 17683.0 17605.0 17562.0 17892.0 18704.0 18149.0 18375.0 18140.0 18491.0 18431.0 18530.0 18796.0 18607.0 17981.0 18603.0 18308.0 18563.0 18505.0 18590.0 18203.0 19104.0 17567.0 18806.0 18949.0 18726.0 18826.0 19014.0 18989.0 18729.0 18843.0 19590.0 19038.0 18818.0 19792.0 18821.0 19450.0 20013.0 19792.0 19901.0 19855.0 19958.0 19924.0 19781.0 19829.0 20022.0 20131.0 19957.0 20254.0 20123.0 20303.0 20538.0 19975.0 19831.0 19102.0 19769.0 19759.0 19952.0 19996.0 20129.0 19941.0 19488.0 20375.0 20181.0 20510.0 20263.0 20065.0 20232.0 20072.0 20341.0 20601.0 20562.0 20281.0 20372.0 20884.0 20746.0 20680.0 20798.0 20679.0 20477.0 20594.0 20157.0 20934.0 21019.0 20932.0 21263.0 21003.0 21257.0 21283.0 21260.0 21246.0 20970.0 21567.0 21670.0 21151.0 21563.0 21330.0 21497.0 22165.0 22253.0 22204.0 21636.0 22067.0 22103.0 22282.0 21986.0 21573.0 22410.0 22767.0 22522.0 22300.0 22280.0 22289.0 22318.0 22140.0 22682.0 22443.0 21984.0 22947.0 22175.0 23096.0 23009.0 22585.0 22724.0 22647.0 22701.0 23431.0 22883.0 22515.0 22477.0 22799.0 22932.0 23697.0 23375.0 23394.0 23899.0 24341.0 23528.0 23555.0 23322.0 23426.0 23352.0 24428.0 23563.0 23559.0 23538.0 23675.0 23955.0 23949.0 24242.0 23760.0 23981.0 24234.0 24028.0 24659.0 24427.0 24334.0 24053.0 24458.0 24401.0 24162.0 24938.0 24449.0 24768.0 24619.0 24552.0 24933.0 24869.0 25011.0 24465.0 24545.0 24520.0 24549.0 25671.0 25795.0 24619.0 24416.0 25519.0 25697.0 25268.0 24977.0 25008.0 25157.0 25601.0 26185.0 25415.0 25650.0 25033.0 25904.0 25840.0 26504.0 25365.0 26277.0 26409.0 26113.0 26114.0 26360.0 26072.0 26361.0 25769.0 25745.0 26024.0 26604.0 26108.0 25892.0 25558.0 25211.0 25242.0 25232.0 24084.0 23831.0 24612.0 25544.0 24750.0 25896.0 25110.0 25917.0 25023.0 25278.0 25395.0 24991.0 25796.0 27239.0 27564.0 27525.0 27113.0 27110.0 27504.0 27569.0 27227.0 27696.0 27850.0 27587.0 27771.0 27742.0 27977.0 27839.0 27966.0 28136.0 27688.0 27902.0 27948.0 28241.0 28155.0 28125.0 28289.0 27933.0 28656.0 27864.0 28840.0 28697.0 28258.0 28937.0 28773.0 28773.0 29181.0 28166.0 29007.0 29450.0 29093.0 29386.0 29036.0 29235.0 29551.0 29119.0 29716.0 29239.0 29713.0 29680.0 29408.0 29372.0 29425.0 29394.0 28886.0 28914.0 29788.0 29734.0 29056.0 30048.0 30070.0 29180.0 29919.0 29776.0 30037.0 30372.0 30524.0 29941.0 30456.0 30073.0 30261.0 30611.0 30468.0 30426.0 30605.0 30295.0 30063.0 30878.0 31019.0 30714.0 30338.0 31470.0 30948.0 31043.0 30617.0 31027.0 30659.0 30767.0 30954.0 31106.0 30902.0 31075.0 30867.0 31119.0 31087.0 31883.0 31156.0 31772.0 31891.0 31612.0 32019.0 31365.0 31105.0 31841.0 32151.0 31834.0 31924.0 31846.0 32220.0 31997.0 32179.0 32281.0 32847.0 32340.0 32362.0 32249.0 32452.0 32682.0 32227.0 32534.0 32053.0 32350.0 32471.0 32591.0 32368.0 32754.0 32614.0 32816.0 33072.0 33451.0 32993.0 33444.0 33191.0 32177.0 32822.0 33322.0 33286.0 33195.0 33093.0 33327.0 33539.0 33908.0 34137.0 33811.0 33737.0 33865.0 33519.0 33673.0 33177.0 31850.0 33132.0 33684.0 33908.0 34115.0 34278.0 33465.0 34085.0 34091.0 33425.0 34475.0 34410.0 34593.0 34534.0 34183.0 34770.0 32734.0 33382.0 34577.0 34526.0 34728.0 35682.0 35417.0 35609.0 34849.0 35267.0 34954.0 35067.0 34802.0 35102.0 34796.0 34778.0 35200.0 34931.0 35341.0 35251.0 35793.0 35723.0 35201.0 35339.0 36031.0 36088.0 35267.0 35772.0 35812.0 35657.0 35331.0 35114.0 35728.0 36220.0 36191.0 36233.0 36093.0 36160.0 36058.0 36123.0 36509.0 36127.0 36322.0 36210.0 36749.0 36369.0 36235.0 36620.0 36692.0 37634.0 36441.0 38458.0 37152.0 37181.0 37039.0 36888.0 37391.0 36567.0 37604.0 37187.0 37444.0 37617.0 37345.0 37120.0 37914.0 37579.0 37403.0 37383.0 37481.0 37233.0 37798.0 37693.0 37690.0 37791.0 38072.0 38159.0 36696.0 37552.0 38542.0 38325.0 38034.0 38430.0 37986.0 38618.0 38119.0 38870.0 38157.0 37983.0 39327.0 38956.0 38977.0 38955.0 39413.0 38945.0 38495.0 38765.0 38866.0 38932.0 39161.0 38815.0 39117.0 39232.0 39834.0 39554.0 39497.0 40004.0 39768.0 39403.0 40283.0 38988.0 39125.0 39780.0 38918.0 40082.0 38686.0 39976.0 40061.0 39742.0 39483.0 39791.0 39548.0 39640.0 40319.0 40221.0 40063.0 39899.0 40258.0 40609.0 40944.0 40616.0 40508.0 40861.0 40384.0 40365.0 40624.0 40650.0 40885.0 40939.0 40564.0 40552.0 40164.0 41062.0 40580.0 40690.0 41211.0 41355.0 40854.0 41315.0 40691.0 41052.0 41525.0 41334.0 42321.0 41717.0 41989.0 41221.0 40992.0 41577.0 41490.0 42034.0 42204.0 41990.0 41981.0 42724.0 42859.0 41544.0 41476.0 41964.0 41996.0 41989.0 41988.0 42023.0 41766.0 42035.0 41703.0 42180.0 42901.0 42912.0 42777.0 42239.0 41555.0 42883.0 42382.0 42641.0 43160.0 43195.0 42902.0 42879.0 43633.0 43016.0 42015.0 42986.0 42412.0 43220.0 42694.0 43197.0 43221.0 43784.0 43366.0 43507.0 43735.0 44008.0 44271.0 43337.0 44336.0 43969.0 43963.0 44104.0 43637.0 43962.0 44150.0 45132.0 44287.0 44115.0 43374.0 43979.0 44258.0 44240.0 44664.0 44062.0 44298.0 44570.0 45130.0 45683.0 44800.0 45254.0 44696.0 44538.0 44795.0 44657.0 45100.0 45106.0 44589.0 45098.0 45405.0 45294.0 45170.0 44173.0 44790.0 43383.0 43223.0 44716.0 43852.0 44598.0 45749.0 46416.0 46178.0 45196.0 45932.0 45463.0 46109.0 45554.0 46619.0 46318.0 45835.0 46502.0 46278.0 46383.0 46086.0 46195.0 45857.0 44803.0 44816.0 46105.0 46575.0 46781.0 46728.0 47230.0 47119.0 46655.0 46829.0 47573.0 47153.0 45026.0 47653.0 47362.0 46828.0 47273.0 46879.0 47106.0 46753.0 46749.0 47078.0 47282.0 46759.0 47349.0 47701.0 47236.0 48001.0 47863.0 47930.0 47746.0 48761.0 47588.0 47518.0 48490.0 48011.0 48269.0 48312.0 48572.0 48614.0 48254.0 47932.0 48055.0 47882.0 48318.0 47603.0 48292.0 47880.0 49541.0 48940.0 48533.0 48932.0 48991.0 48163.0 48562.0 49229.0 49394.0 51159.0 50865.0 50502.0 50154.0 50517.0 50600.0 50270.0 50605.0 50785.0 50634.0 50537.0 51301.0 51003.0 51531.0 51349.0 51133.0 50661.0 51640.0 51435.0 51832.0 51326.0 51352.0 51571.0 51616.0 51711.0 51258.0 51521.0 50527.0 51436.0 52190.0 51882.0 52361.0 51889.0 51781.0 51935.0 51517.0 52139.0 52184.0 52281.0 52799.0 52075.0 52227.0 51542.0 52579.0 50651.0 50627.0 51051.0 50860.0 51276.0 51832.0 50617.0 51270.0 50561.0 51717.0 51400.0 51965.0 51262.0 52008.0 51997.0 51979.0 51627.0 51309.0 51964.0 51726.0 51405.0 51441.0 51127.0 52046.0 52084.0 52448.0 51956.0 51322.0 52780.0 52872.0 52778.0 50099.0 51620.0 52628.0 53598.0 52735.0 53246.0 52557.0 52587.0 52759.0 52288.0 52373.0 52529.0 53203.0 53267.0 54173.0 52062.0 52413.0 53274.0 52837.0 53468.0 52727.0 53818.0 54174.0 53187.0 53780.0 53467.0 53871.0 53063.0 54112.0 53055.0 53306.0 54401.0 54665.0 54015.0 53798.0 53397.0 53242.0 53530.0 55048.0 53897.0 53819.0 54338.0 54492.0 54066.0 53820.0 55051.0 53632.0 53974.0 54215.0 53965.0 55168.0 55478.0 54436.0 53847.0 53970.0 54374.0 54942.0 55463.0 55037.0 55598.0 55142.0 54787.0 54653.0 54727.0 54858.0 54926.0 55861.0 54908.0 56057.0 55499.0 55291.0 55549.0 55274.0 55102.0 53661.0 55724.0 54913.0
AR-0,4, 9342.0 9418.0 9600.0 9649.0 9827.0 10599.0 9684.0 9683.0 9909.0 10132.0 9832.0 10083.0 9748.0 10263.0 10250.0 10256.0 10314.0 9766.0 10094.0 10007.0 10233.0 10187.0 10743.0 10299.0 10458.0 10701.0 10453.0 10936.0 10446.0 10604.0 10839.0 11129.0 11231.0 10889.0 11186.0 10953.0 11113.0 11099.0 10578.0 11076.0 11778.0 10943.0 11566.0 11335.0 11412.0 12004.0 11758.0 11438.0 11785.0 11821.0 11693.0 12285.0 11751.0 12396.0 12337.0 11772.0 11960.0 12227.0 12163.0 12000.0 12603.0 12267.0 12539.0 12708.0 12047.0 12442.0 12071.0 12655.0 12477.0 12767.0 12768.0 12600.0 12958.0 12798.0 12703.0 12700.0 12467.0 13425.0 13221.0 13059.0 13581.0 13166.0 13220.0 13275.0 13070.0 13172.0 13514.0 13266.0 13962.0 13446.0 13615.0 13597.0 13800.0 13848.0 13584.0 13725.0 13972.0 13565.0 14027.0 13999.0 14634.0 14186.0 14191.0 14139.0 13708.0 14265.0 14209.0 14351.0 14534.0 14472.0 14469.0 14089.0 14771.0 14731.0 14391.0 14486.0 14490.0 14875.0 14758.0 15154.0 14931.0 14878.0 14909.0 15313.0 15146.0 14942.0 15456.0 15753.0 15559.0 15515.0 15257.0 15647.0 15775.0 15552.0 15201.0 15401.0 15868.0 15758.0 15874.0 15384.0 15655.0 15860.0 15915.0 15726.0 16629.0 16229.0 16449.0 15829.0 16442.0 16594.0 16564.0 16328.0 16388.0 16166.0 16240.0 16006.0 16110.0 16159.0 15896.0 15907.0 15872.0 16401.0 16968.0 16659.0 16649.0 16839.0 16805.0 17515.0 17152.0 17465.0 17336.0 17461.0 17293.0 17018.0 17291.0 17198.0 17407.0 16971.0 17930.0 17271.0 17625.0 17641.0 17673.0 17525.0 18335.0 17700.0 18118.0 18335.0 17762.0 18539.0 17735.0 18076.0 18138.0 18083.0 18980.0 17975.0 18630.0 18547.0 18462.0 18426.0 18635.0 18436.0 18709.0 18393.0 18969.0 18710.0 19083.0 19296.0 19002.0 18550.0 18703.0 18867.0 19069.0 19359.0 19265.0 19476.0 19141.0 19374.0 19412.0 19429.0 19248.0 19068.0 18956.0 18636.0 18531.0 18721.0 18722.0 18688.0 19023.0 19311.0 19241.0 18600.0 18892.0 18838.0 19135.0 19706.0 19853.0 18861.0 19378.0 19644.0 20068.0 19805.0 19471.0 19050.0 19357.0 19462.0 19618.0 20234.0 20197.0 20891.0 19857.0 21014.0 20592.0 20446.0 21400.0 21098.0 21384.0 21596.0 21611.0 21101.0 20645.0 21671.0 20736.0 21018.0 21093.0 21294.0 21496.0 21546.0 21370.0 21474.0 21427.0 21846.0 21991.0 22055.0 21576.0 21852.0 22213.0 21749.0 21515.0 22210.0 22061.0 22233.0 22145.0 22699.0 22007.0 22834.0 22218.0 22591.0 23075.0 22832.0 22458.0 22888.0 22459.0 22998.0 23273.0 23110.0 22167.0 23011.0 22770.0 23154.0 22936.0 23286.0 23363.0 23412.0 23480.0 23269.0 23138.0 23232.0 23653.0 23646.0 23092.0 22786.0 23161.0 23513.0 23545.0 23549.0 23411.0 23789.0 23909.0 23477.0 23839.0 23482.0 24400.0 24018.0 24431.0 24486.0 24198.0 24851.0 24252.0 24389.0 24297.0 24964.0 24335.0 24698.0 24994.0 24744.0 24906.0 24821.0 24254.0 24452.0 24806.0 24979.0 25095.0 25263.0 25033.0 25061.0 25641.0 24754.0 25319.0 25060.0 25525.0 25614.0 25442.0 25062.0 24709.0 25600.0 25644.0 25457.0 25702.0 25755.0 25376.0 25327.0 25978.0 25983.0 26371.0 26642.0 26516.0 26344.0 26262.0 26090.0 26024.0 26413.0 26534.0 26677.0 26720.0 26387.0 26129.0 26796.0 26943.0 26455.0 26695.0 26662.0 27086.0 27406.0 27188.0 26576.0 26752.0 26837.0 26422.0 27378.0 27104.0 27154.0 27191.0 26640.0 27188.0 27045.0 27361.0 27051.0 27328.0 27215.0 27264.0 27591.0 27883.0 27760.0 27749.0 27919.0 28001.0 27950.0 28175.0 28010.0 27636.0 28001.0 28218.0 28168.0 28447.0 28610.0 28082.0 28455.0 28235.0 28059.0 28465.0 28618.0 28802.0 28619.0 29087.0 28521.0 28724.0 29027.0 28722.0 28898.0 28110.0 28275.0 28967.0 28936.0 27142.0 27592.0 28074.0 28136.0 29713.0 30003.0 29453.0 29754.0 29448.0 29433.0 29258.0 29891.0 29655.0 29451.0 29569.0 29747.0 30385.0 30011.0 29709.0 30175.0 30312.0 30178.0 29933.0 30325.0 29422.0 30495.0 30070.0 30224.0 30462.0 29883.0 30355.0 30563.0 30006.0 30128.0 31185.0 30803.0 30278.0 31116.0 31436.0 30904.0 31069.0 31182.0 31256.0 30913.0 31372.0 31143.0 30834.0 31310.0 31953.0 31252.0 31051.0 31004.0 31353.0 31520.0 31663.0 31375.0 31490.0 31748.0 31313.0 31483.0 32047.0 31798.0 31538.0 32022.0 31719.0 31745.0 31503.0 29814.0 30576.0 32474.0 32316.0 32473.0 32722.0 32542.0 32057.0 32019.0 33530.0 32445.0 32317.0 33277.0 32619.0 32704.0 32549.0 32293.0 33286.0 32972.0 32622.0 33449.0 32701.0 33354.0 32436.0 33156.0 33203.0 32980.0 33002.0 33333.0 33058.0 33441.0 33011.0 33703.0 33585.0 33602.0 33897.0 34029.0 33693.0 33534.0 34030.0 33986.0 33852.0 34129.0 33942.0 34864.0 34126.0 33623.0 34339.0 34212.0 34049.0 34417.0 34345.0 34809.0 34504.0 34299.0 34786.0 34838.0 34688.0 34660.0 34524.0 34153.0 34911.0 35380.0 34735.0 35010.0 35136.0 35205.0 34794.0 34396.0 35631.0 35059.0 35241.0 35401.0 35457.0 35841.0 35015.0 35593.0 35551.0 35471.0 35588.0 35463.0 35515.0 35672.0 35683.0 35633.0 35979.0 36033.0 35282.0 36080.0 36027.0 36010.0 37340.0 35893.0 35534.0 36366.0 36338.0 36979.0 36466.0 36576.0 36483.0 36945.0 36801.0 36915.0 36204.0 37030.0 36504.0 36790.0 36816.0 36511.0 37012.0 36754.0 36935.0 36822.0 37244.0 37413.0 36949.0 37120.0 37176.0 37598.0 37583.0 37947.0 36859.0 37576.0 37648.0 37449.0 37654.0 37832.0 38303.0 38663.0 38415.0 37559.0 38032.0 37361.0 37966.0 37758.0 38129.0 37998.0 38456.0 38531.0 38030.0 38295.0 38196.0 38690.0 39201.0 37703.0 38827.0 38787.0 38578.0 38421.0 38688.0 39027.0 38611.0 38677.0 38766.0 39030.0 39685.0 38911.0 39126.0 38715.0 39066.0 38775.0 39148.0 39277.0 38817.0 39590.0 39159.0 39141.0 39365.0 39423.0 40004.0 39487.0 40438.0 40267.0 40060.0 40098.0 39492.0 39534.0 39715.0 40007.0 40494.0 40577.0 40718.0 40249.0 40593.0 40543.0 40219.0 40400.0 39920.0 40198.0 40970.0 40725.0 40411.0 40570.0 40396.0 40972.0 41005.0 41041.0 40798.0 41071.0 41611.0 40877.0 39937.0 40525.0 41570.0 41857.0 41248.0 41745.0 40822.0 41156.0 41759.0 41539.0 41773.0 41229.0 41494.0 39577.0 39767.0 39715.0 40815.0 42454.0 42470.0 42150.0 42470.0 42180.0 41959.0 42205.0 42329.0 42211.0 41812.0 42716.0 42580.0 44121.0 43870.0 43118.0 44079.0 43802.0 43870.0 43903.0 44231.0 43990.0 43929.0 43833.0 44683.0 44289.0 44770.0 44252.0 43886.0 44313.0 44552.0 44715.0 44343.0 45111.0 43851.0 44418.0 45129.0 44984.0 44897.0 44340.0 45409.0 44820.0 44970.0 45150.0 44862.0 44698.0 44891.0 45433.0 45645.0 46187.0 44908.0 45157.0 45691.0 45721.0 46139.0 45779.0 44808.0 44112.0 43718.0 45999.0 45706.0 45694.0 45897.0 46069.0 46233.0 45922.0 45998.0 45930.0 45497.0 46487.0 46792.0 47424.0 46497.0 46126.0 46906.0 44879.0 45497.0 46082.0 46078.0 44805.0 45010.0 44878.0 45319.0 45263.0 45233.0 45849.0 45456.0 45801.0 45326.0 46067.0 45397.0 46133.0 46385.0 46138.0 46012.0 46152.0 46091.0 46210.0 46236.0 46696.0 45922.0 46763.0 46218.0 45916.0 45973.0 46167.0 46482.0 46151.0 46709.0 46490.0 46222.0 46084.0 46295.0 47611.0 47784.0 46955.0 47858.0 47396.0 46939.0 47436.0 47983.0 47894.0 47226.0 46767.0 47623.0 46980.0 47166.0 47275.0 47972.0 47590.0 47159.0 47707.0 47906.0 46874.0 48113.0 48559.0 47893.0 47841.0 47585.0 48051.0 48111.0 48823.0 48627.0 49028.0 48741.0 48183.0 47606.0 47762.0 47484.0 48343.0 48349.0 48196.0 48719.0 48535.0 48651.0 49077.0 48967.0 48749.0 48928.0 49084.0 48995.0 49015.0 48489.0 49918.0 49484.0 49319.0 48887.0 48768.0 49320.0 48128.0 48867.0 49854.0 49058.0 49826.0 49907.0 50101.0 50503.0 49730.0 49426.0 50794.0 49835.0 49238.0 50151.0 50580.0 50538.0 49775.0 50153.0 50019.0 50225.0 50342.0 49767.0 50714.0 50050.0 50578.0 50584.0 50338.0 51018.0 50613.0 50909.0 50674.0 49890.0 50916.0 51014.0 51102.0 50941.0 50464.0 50671.0 50898.0 51423.0 50302.0 51186.0 49888.0 50758.0 51450.0 51478.0 51383.0 51798.0 51261.0 52148.0 50494.0 51385.0 52031.0 51922.0 51837.0 52208.0 51873.0 51960.0 51264.0 51654.0 51913.0 51919.0 51726.0 52050.0 52411.0 52583.0 53010.0 52323.0 52253.0 52728.0 52184.0 52357.0 53348.0 53216.0 52842.0 52750.0 52405.0 52928.0 52700.0 52776.0 53292.0 53089.0 52327.0 52814.0 53908.0 53610.0 53006.0 53088.0 53134.0 53686.0 53499.0 53225.0 53514.0 53881.0 53558.0 53717.0 53381.0 54024.0 53576.0 54258.0 53509.0 53914.0 53340.0 51336.0 54413.0 53982.0 54306.0 54723.0 54529.0 54359.0 54524.0 54125.0 54063.0 53160.0 52585.0 54145.0 54310.0 55156.0 55322.0 54894.0 54843.0 56303.0 56719.0 56167.0 56673.0 57072.0 56701.0 57517.0 56447.0 57284.0 57782.0 56428.0 56914.0 57427.0 56706.0 55048.0 54166.0
AR-0,4, 9178.0 9038.0 9532.0 9452.0 9390.0 9260.0 9705.0 10267.0 11396.0 10017.0 10120.0 9670.0 10649.0 10353.0 9804.0 11183.0 10360.0 10142.0 11374.0 10293.0 10112.0 10145.0 10496.0 10579.0 10573.0 10897.0 10609.0 10336.0 10413.0 10304.0 11015.0 11204.0 11000.0 11464.0 11368.0 11483.0 11494.0 12120.0 11298.0 12002.0 11400.0 11631.0 11659.0 11658.0 12270.0 12001.0 11994.0 12052.0 12646.0 11965.0 12260.0 12385.0 12352.0 12435.0 12621.0 12338.0 12653.0 12313.0 12566.0 12752.0 12882.0 12810.0 12731.0 12482.0 12666.0 12766.0 13198.0 12697.0 13222.0 12786.0 13134.0 13303.0 13030.0 12935.0 13197.0 13035.0 13415.0 13223.0 13485.0 13907.0 13227.0 13655.0 14101.0 13589.0 13602.0 14222.0 13843.0 13839.0 13675.0 14335.0 14426.0 14155.0 13734.0 14167.0 14407.0 13917.0 14036.0 14686.0 14640.0 14906.0 14176.0 14751.0 14343.0 14565.0 14145.0 15064.0 14735.0 14549.0 15531.0 15111.0 14868.0 15030.0 14748.0 15024.0 15441.0 15182.0 15446.0 15140.0 15452.0 15531.0 15436.0 15477.0 15087.0 15517.0 15917.0 15897.0 15865.0 16247.0 16047.0 15550.0 15557.0 15905.0 15699.0 15702.0 15993.0 15971.0 15987.0 16506.0 15664.0 16227.0 16337.0 16082.0 16133.0 16310.0 16306.0 16482.0 17000.0 16523.0 16132.0 15709.0 16346.0 16091.0 16135.0 16777.0 16663.0 16446.0 16781.0 16700.0 17375.0 16230.0 16849.0 17277.0 17258.0 16867.0 16754.0 16973.0 16590.0 17468.0 17504.0 16520.0 18123.0 16704.0 17244.0 17889.0 17400.0 17130.0 17710.0 17755.0 17484.0 17359.0 18075.0 18559.0 18387.0 17697.0 17609.0 18600.0 17867.0 17953.0 18084.0 18347.0 18179.0 18449.0 18335.0 17953.0 18371.0 18398.0 18360.0 17817.0 18119.0 18441.0 18624.0 18414.0 18380.0 18478.0 18918.0 18465.0 18481.0 19395.0 18418.0 18704.0 19124.0 19130.0 19283.0 19290.0 19536.0 19966.0 18996.0 19778.0 19118.0 19400.0 19426.0 19681.0 19509.0 19938.0 19689.0 19232.0 19377.0 19503.0 19426.0 20120.0 19846.0 19882.0 20390.0 20139.0 20461.0 19993.0 19847.0 19695.0 20182.0 20680.0 20482.0 20707.0 20249.0 20438.0 19878.0 20764.0 20555.0 20727.0 20868.0 20732.0 20676.0 20689.0 20885.0 20667.0 21013.0 20542.0 20511.0 21198.0 21459.0 21190.0 21008.0 20812.0 21306.0 21537.0 21572.0 21325.0 22383.0 21652.0 21709.0 21272.0 22372.0 22140.0 22022.0 22201.0 22291.0 21997.0 21004.0 22036.0 22198.0 22717.0 22308.0 22099.0 22298.0 22671.0 22546.0 22269.0 22340.0 22258.0 22180.0 22619.0 22834.0 22326.0 22572.0 22909.0 22584.0 22686.0 22775.0 22908.0 23163.0 22858.0 22758.0 22636.0 22960.0 22768.0 23392.0 23154.0 23566.0 22561.0 23262.0 23342.0 23716.0 23841.0 23363.0 23337.0 23754.0 24108.0 24119.0 23647.0 24478.0 23619.0 23889.0 24052.0 23980.0 24578.0 24139.0 24520.0 24168.0 24605.0 23914.0 24692.0 24372.0 24319.0 24774.0 25029.0 24663.0 24342.0 25042.0 24358.0 24612.0 24663.0 24742.0 25095.0 25030.0 24731.0 25183.0 25295.0 25205.0 25093.0 24796.0 25613.0 25591.0 25700.0 25616.0 25319.0 24677.0 25787.0 25720.0 26043.0 25223.0 25684.0 25081.0 26139.0 25987.0 26249.0 25806.0 25898.0 26561.0 26011.0 26033.0 26170.0 26069.0 26289.0 26532.0 26115.0 26455.0 26667.0 26488.0 26322.0 26373.0 26391.0 26640.0 26768.0 26505.0 26608.0 27226.0 27243.0 26997.0 27388.0 27022.0 27111.0 27588.0 26909.0 26792.0 27207.0 27086.0 27759.0 27204.0 27380.0 27969.0 27861.0 27448.0 27980.0 28002.0 27631.0 26769.0 30728.0 27848.0 27799.0 28300.0 27969.0 28232.0 28309.0 27790.0 27835.0 28452.0 28279.0 28187.0 28332.0 28159.0 28224.0 27890.0 28899.0 28817.0 28956.0 29067.0 29179.0 29367.0 28623.0 28497.0 29113.0 28939.0 28891.0 29452.0 29586.0 29298.0 29193.0 28506.0 29114.0 28796.0 29299.0 29444.0 28358.0 27770.0 29136.0 29142.0 29718.0 29573.0 29416.0 29493.0 29710.0 29790.0 29770.0 29663.0 29558.0 29583.0 30379.0 30681.0 30921.0 30050.0 30515.0 30425.0 30205.0 30217.0 30420.0 30348.0 30502.0 30613.0 30828.0 30920.0 31285.0 30346.0 30757.0 30982.0 31234.0 31402.0 30989.0 30499.0 30515.0 31048.0 30995.0 31048.0 31226.0 30661.0 31223.0 31250.0 30917.0 31129.0 31295.0 31738.0 31579.0 32029.0 31636.0 31924.0 31803.0 31471.0 31746.0 32400.0 32067.0 32228.0 32680.0 32435.0 32348.0 31684.0 31648.0 32587.0 32270.0 32264.0 32126.0 32326.0 32286.0 32004.0 32711.0 32956.0 32576.0 32879.0 32930.0 32494.0 32620.0 32604.0 33047.0 33430.0 33086.0 32974.0 33536.0 33039.0 33333.0 33043.0 33566.0 33295.0 33651.0 33710.0 33602.0 33675.0 33147.0 33888.0 33782.0 33146.0 33695.0 33814.0 33512.0 33247.0 33314.0 33737.0 33544.0 34425.0 33734.0 33828.0 34135.0 34429.0 34936.0 34464.0 35026.0 35273.0 34372.0 34636.0 34528.0 34805.0 34735.0 34152.0 35182.0 34564.0 35018.0 34527.0 34615.0 35265.0 35123.0 35063.0 34669.0 35058.0 35084.0 34968.0 34364.0 34740.0 35332.0 34816.0 35637.0 35544.0 35429.0 35918.0 36062.0 35536.0 35704.0 35751.0 35922.0 36056.0 35495.0 36053.0 36342.0 36708.0 36912.0 36011.0 36106.0 37023.0 36208.0 36473.0 36732.0 36604.0 36322.0 35860.0 36181.0 36029.0 36584.0 36427.0 36675.0 37075.0 36599.0 37037.0 37181.0 37134.0 36934.0 36525.0 37071.0 37781.0 36812.0 37149.0 36850.0 37418.0 37833.0 37841.0 37404.0 37400.0 37052.0 37695.0 37817.0 37454.0 37799.0 37130.0 35945.0 35735.0 35777.0 36576.0 37856.0 37676.0 38010.0 38209.0 38337.0 38180.0 38310.0 38380.0 38270.0 38261.0 38460.0 38815.0 38405.0 38980.0 39204.0 38718.0 38520.0 38905.0 39011.0 39021.0 39243.0 38444.0 38910.0 38835.0 38521.0 39252.0 39076.0 39039.0 39303.0 39336.0 39628.0 39154.0 39819.0 39663.0 39398.0 39290.0 39865.0 40181.0 40198.0 40371.0 39740.0 40207.0 39979.0 39917.0 39576.0 40314.0 40097.0 39912.0 40315.0 39807.0 40308.0 40073.0 39861.0 40235.0 41040.0 40627.0 40684.0 41092.0 40770.0 40753.0 40958.0 40890.0 41650.0 41035.0 41018.0 41198.0 41421.0 41272.0 41068.0 40777.0 40980.0 41538.0 41293.0 40854.0 41044.0 40951.0 41026.0 41399.0 41536.0 41333.0 41426.0 41558.0 42273.0 41719.0 42195.0 42038.0 41427.0 42702.0 41888.0 41952.0 42034.0 41913.0 41602.0 41738.0 42218.0 42612.0 41895.0 42247.0 42623.0 42259.0 42728.0 43094.0 42628.0 40039.0 41352.0 42566.0 42939.0 42704.0 43022.0 42983.0 42626.0 43696.0 43035.0 43305.0 42889.0 43298.0 42650.0 42863.0 43563.0 43202.0 43700.0 43186.0 43395.0 42925.0 44415.0 43966.0 44291.0 43125.0 42880.0 43923.0 43959.0 43959.0 44420.0 44485.0 44535.0 45122.0 45700.0 45689.0 45930.0 45284.0 45499.0 45614.0 45652.0 45624.0 45370.0 45965.0 46051.0 46184.0 45779.0 49525.0 46880.0 47470.0 44911.0 48548.0 46461.0 44524.0 46559.0 46316.0 46466.0 46365.0 46537.0 46456.0 46751.0 46854.0 46731.0 46812.0 46797.0 46660.0 46899.0 46950.0 46687.0 47163.0 46463.0 47565.0 46770.0 46516.0 47297.0 47248.0 47497.0 47417.0 47294.0 47971.0 47667.0 47633.0 47894.0 48417.0 47762.0 46579.0 46309.0 47080.0 46426.0 46492.0 46787.0 46592.0 46827.0 46972.0 45756.0 46667.0 46535.0 46810.0 46923.0 47248.0 47166.0 47034.0 47008.0 47252.0 47225.0 47223.0 46975.0 47530.0 46930.0 47014.0 47115.0 47096.0 48042.0 47390.0 47624.0 48126.0 47332.0 47176.0 47719.0 48211.0 48046.0 48172.0 47854.0 48525.0 47855.0 48177.0 48020.0 48340.0 48582.0 47909.0 48019.0 48629.0 48381.0 48528.0 48454.0 48634.0 48067.0 48725.0 47935.0 48437.0 49530.0 48904.0 48979.0 49006.0 49273.0 49104.0 48865.0 49276.0 49060.0 49514.0 48901.0 49055.0 48825.0 48903.0 49197.0 49122.0 49300.0 49969.0 49946.0 49038.0 48778.0 49604.0 49665.0 49632.0 49730.0 50209.0 49512.0 49925.0 49910.0 48972.0 48137.0 48641.0 48752.0 49034.0 49446.0 49216.0 49214.0 49294.0 49579.0 49291.0 50224.0 49273.0 49429.0 49105.0 50233.0 50555.0 49968.0 49545.0 50080.0 49954.0 50190.0 50280.0 50508.0 49124.0 50037.0 50128.0 50282.0 51012.0 49936.0 50701.0 50316.0 49366.0 50720.0 50742.0 50840.0 51069.0 49728.0 51183.0 50662.0 51522.0 50323.0 50745.0 51731.0 50920.0 50577.0 51041.0 50989.0 51625.0 51094.0 51440.0 51309.0 50815.0 51237.0 49752.0 50424.0 51310.0 51467.0 49882.0 49169.0 48718.0 48170.0 49083.0 48542.0 48538.0 52185.0 51501.0 53620.0 53813.0 53359.0 53490.0 53555.0 53404.0 53334.0 52888.0 53523.0 54585.0 53950.0 53253.0 53789.0 53449.0 53853.0 53681.0 53639.0 53827.0 53655.0 54158.0 54119.0 54137.0 54174.0 53705.0 54425.0 54310.0 53884.0 54553.0 54179.0 54626.0 54716.0 54261.0 54433.0 54450.0 54594.0 54595.0 54918.0 55120.0 54751.0 55107.0 55204.0 54876.0 55343.0 55317.0 54858.0 54706.0 54729.0 55447.0 55080.0 55555.0 54818.0 56017.0 55008.0 54999.0 55444.0
---querying for 3
B,4, 86886.0,838
---querying for 3 AND 2
C,4, 2548.0,3
---querying for 3 OR 2
D,4, 162716.0,1657
---querying for missing term
E,4, 2048.0,0
