with partition skipping:

$ ./bin/chearch -nl 4
using 4 locales
initializing index
indexing complete in 2.52924e+07 microseconds
---querying 2 on each locale
AL-0,4, 179.0,376
AL-1,4, 186.0,344
AL-2,4, 194.0,353
AL-3,4, 183.0,324
---querying 2 on remote locales
AR-0,4, 8996.0 8652.0 9025.0 38297.0 13582.0 9447.0 9397.0 9683.0 10051.0 11084.0 11812.0 10718.0 9708.0 8927.0 10694.0 9352.0 9382.0 9837.0 9383.0 9927.0 10139.0 9561.0 9806.0 9887.0 9926.0 10253.0 10842.0 10181.0 10306.0 10166.0 10354.0 9772.0 10451.0 11000.0 10597.0 10519.0 10790.0 10794.0 10967.0 10176.0 10992.0 11515.0 14604.0 13857.0 12354.0 11952.0 11407.0 10655.0 10980.0 11298.0 12309.0 11335.0 11295.0 12037.0 13069.0 11935.0 11667.0 11745.0 11294.0 11626.0 11643.0 12137.0 13093.0 12675.0 13129.0 12141.0 12104.0 12127.0 12086.0 12191.0 13787.0 13338.0 12252.0 12874.0 13140.0 12866.0 12830.0 12647.0 12668.0 13648.0 12259.0 12760.0 12631.0 12526.0 16599.0 13805.0 13587.0 12639.0 13052.0 13030.0 12911.0 12998.0 13096.0 14162.0 12956.0 12995.0 12893.0 12679.0 12979.0 13523.0 12951.0 13224.0 13254.0 13065.0 13214.0 13796.0 13678.0 13494.0 13368.0 14076.0 13842.0 14303.0 14356.0 14164.0 15437.0 13693.0 14103.0 14807.0 14241.0 14485.0 14326.0 14633.0 15351.0 14120.0 14593.0 15106.0 14584.0 13796.0 14718.0 14788.0 15102.0 15036.0 14902.0 15116.0 14699.0 14675.0 15317.0 15338.0 14920.0 14776.0 15185.0 14984.0 15415.0 15575.0 15327.0 14565.0 15604.0 15870.0 15850.0 14969.0 15165.0 16177.0 15930.0 15469.0 15735.0 15629.0 15847.0 17105.0 16295.0 17012.0 16134.0 16458.0 16815.0 15803.0 16350.0 16070.0 16569.0 16779.0 16998.0 18207.0 17830.0 18046.0 17626.0 17461.0 17587.0 16420.0 16554.0 18700.0 18746.0 18074.0 16829.0 18144.0 17635.0 17850.0 19194.0 17636.0 23547.0 20460.0 20198.0 49224.0 20714.0 18293.0 17662.0 18681.0 18341.0 18318.0 18557.0 18339.0 18086.0 18229.0 18170.0 17728.0 17791.0 17705.0 22845.0 18442.0 21517.0 25590.0 20838.0 19318.0 22397.0 21214.0 21195.0 19911.0 19940.0 18544.0 21963.0 20256.0 21087.0 21195.0 19576.0 19892.0 22220.0 21857.0 20088.0 19280.0 18769.0 18150.0 21564.0 19669.0 19694.0 20877.0 19636.0 21452.0 19907.0 19713.0 19599.0 20565.0 20449.0 20331.0 20275.0 20351.0 19984.0 20318.0 20858.0 20545.0 19999.0 21413.0 19536.0 20387.0 20478.0 20590.0 20682.0 21429.0 20775.0 20893.0 20075.0 20759.0 21297.0 20822.0 21074.0 21180.0 21180.0 21290.0 21495.0 21671.0 23626.0 23299.0 21547.0 23958.0 22344.0 22757.0 22647.0 22396.0 23312.0 23008.0 22152.0 23582.0 22682.0 23398.0 23760.0 22621.0 22496.0 23474.0 22249.0 22799.0 22095.0 22061.0 22414.0 22190.0 22104.0 22804.0 21862.0 22969.0 22315.0 22693.0 22179.0 22456.0 24639.0 24316.0 23430.0 22991.0 21801.0 22985.0 23601.0 22638.0 23463.0 23285.0 23517.0 26169.0 24530.0 24945.0 22705.0 25815.0 25013.0 26091.0 24092.0 25105.0 23793.0 24908.0 24079.0 24306.0 24086.0 24677.0 23791.0 25715.0 23519.0 24422.0 23807.0 23942.0 25132.0 23261.0 23491.0 24942.0 24680.0 24316.0 24801.0 24377.0 24500.0 24748.0 25161.0 24409.0 24936.0 25831.0 24798.0 25289.0 25010.0 25769.0 24883.0 25485.0 25628.0 25606.0 25375.0 25034.0 25290.0 25998.0 25477.0 25469.0 26843.0 24369.0 26731.0 25678.0 25937.0 25496.0 26264.0 25791.0 25452.0 26344.0 25788.0 26814.0 26840.0 26733.0 26804.0 26246.0 26093.0 27120.0 26837.0 26938.0 26720.0 27273.0 26732.0 27116.0 26468.0 27811.0 26261.0 27117.0 26749.0 27773.0 27297.0 27752.0 27754.0 26726.0 27461.0 27561.0 27634.0 26994.0 29689.0 29543.0 30267.0 30060.0 30842.0 29208.0 32128.0 27867.0 27989.0 27641.0 27700.0 28067.0 28396.0 29303.0 27591.0 28284.0 28383.0 27901.0 29322.0 28260.0 27854.0 28165.0 28720.0 29412.0 28691.0 28958.0 28681.0 29657.0 28291.0 28799.0 29429.0 27911.0 29963.0 28613.0 28358.0 29607.0 28794.0 28231.0 27903.0 28757.0 29676.0 27572.0 29415.0 27660.0 29022.0 29112.0 29746.0 28845.0 28750.0 29588.0 29494.0 29162.0 30318.0 34839.0 32568.0 56270.0 37413.0 33180.0 33122.0 31886.0 30333.0 30200.0 30095.0 30315.0 30947.0 31074.0 29964.0 31173.0 30826.0 32866.0 35828.0 31155.0 30852.0 31305.0 32566.0 32066.0 31790.0 31491.0 32020.0 31491.0 33431.0 31480.0 31732.0 31582.0 30840.0 31496.0 31847.0 30710.0 33465.0 35001.0 32908.0 32558.0 32640.0 35281.0 33374.0 32594.0 34056.0 32921.0 34113.0 34425.0 32269.0 32557.0 32482.0 32417.0 32295.0 32460.0 31997.0 32700.0 32191.0 33211.0 32525.0 33196.0 32599.0 33175.0 33324.0 33103.0 32319.0 32506.0 32845.0 33664.0 32691.0 33697.0 32998.0 33033.0 34539.0 34433.0 33868.0 33595.0 34627.0 34314.0 33063.0 33967.0 33985.0 32477.0 32949.0 33535.0 32667.0 34234.0 33541.0 33744.0 34232.0 33956.0 36643.0 35167.0 33703.0 34216.0 41155.0 67580.0 36411.0 36240.0 34501.0 35581.0 34703.0 34817.0 35083.0 34729.0 35826.0 35313.0 34836.0 35481.0 35403.0 34694.0 34744.0 34815.0 35747.0 35252.0 35591.0 35611.0 39731.0 38777.0 40726.0 35934.0 35216.0 35961.0 35163.0 35266.0 35912.0 39093.0 37440.0 36104.0 35862.0 37903.0 35935.0 35962.0 36615.0 36288.0 35431.0 40167.0 37004.0 36374.0 38452.0 37314.0 37631.0 37544.0 37194.0 36693.0 36593.0 37902.0 36161.0 37288.0 36666.0 36454.0 37046.0 36578.0 37283.0 37581.0 35890.0 36725.0 37781.0 36872.0 37667.0 38206.0 38161.0 37761.0 38003.0 38066.0 37346.0 37736.0 38871.0 37822.0 37911.0 37885.0 43733.0 56609.0 41387.0 37506.0 38514.0 39470.0 37982.0 41291.0 38438.0 38839.0 38869.0 37880.0 38373.0 38384.0 38354.0 39065.0 38978.0 38687.0 39438.0 38886.0 39217.0 39168.0 39095.0 40191.0 38580.0 38771.0 39116.0 39729.0 39222.0 40585.0 38993.0 39066.0 39090.0 39010.0 38604.0 39727.0 40245.0 41283.0 39722.0 43277.0 45811.0 40922.0 40712.0 39643.0 39750.0 40451.0 39744.0 40818.0 40281.0 40114.0 40467.0 41488.0 40260.0 43033.0 42633.0 45841.0 40785.0 41212.0 44189.0 42838.0 42918.0 40085.0 41168.0 41745.0 42502.0 41041.0 40746.0 40005.0 40801.0 39483.0 41106.0 40858.0 41676.0 41099.0 41634.0 42202.0 40072.0 41836.0 41146.0 41005.0 42375.0 41228.0 44320.0 43624.0 42293.0 41985.0 42656.0 41111.0 44460.0 46276.0 45323.0 44190.0 44052.0 46101.0 46037.0 42933.0 43084.0 42218.0 42085.0 46325.0 42412.0 46737.0 44358.0 43930.0 43462.0 43225.0 42826.0 44262.0 43262.0 41914.0 45049.0 43625.0 44732.0 47656.0 43558.0 44451.0 43338.0 43767.0 44463.0 43849.0 43669.0 42943.0 43000.0 44517.0 42484.0 44519.0 43360.0 43748.0 43934.0 44173.0 44406.0 43101.0 47302.0 48910.0 48515.0 46093.0 46881.0 44484.0 44485.0 44490.0 45206.0 44817.0 44997.0 45392.0 45135.0 44640.0 45836.0 46039.0 44793.0 46401.0 44997.0 45007.0 44886.0 45295.0 45785.0 44801.0 45841.0 44830.0 67872.0 45435.0 45429.0 45391.0 45485.0 45345.0 45516.0 45892.0 46089.0 46428.0 45315.0 45827.0 46490.0 45991.0 46493.0 45791.0 45731.0 46164.0 46917.0 45594.0 47648.0 46137.0 48776.0 47699.0 46482.0 49621.0 48151.0 47397.0 46854.0 47131.0 46385.0 47340.0 47563.0 47938.0 46810.0 48596.0 47345.0 47286.0 46758.0 47132.0 48930.0 47562.0 47468.0 48738.0 61554.0 50597.0 50181.0 47450.0 48362.0 47512.0 48297.0 48490.0 47530.0 47556.0 48201.0 48340.0 48186.0 48531.0 48222.0 48624.0 48610.0 47984.0 49502.0 48581.0 46689.0 46960.0 48129.0 46916.0 46748.0 48733.0 48870.0 48593.0 52068.0 49340.0 45875.0 46513.0 49220.0 49307.0 48954.0 49269.0 49620.0 49325.0 51339.0 53668.0 50399.0 49177.0 50270.0 52127.0 49691.0 50099.0 46931.0 48586.0 50740.0 49411.0 49142.0 50233.0 50257.0 50764.0 49954.0 48913.0 48515.0 49421.0 50725.0 48645.0 51041.0 54858.0 52324.0 49878.0 50489.0 50544.0 52087.0 50705.0 50608.0 51650.0 51220.0 50949.0 53738.0 50377.0 55934.0 53505.0 52631.0 51092.0 50461.0 54776.0 53415.0 51223.0 50557.0 52842.0 52499.0 53522.0 50481.0 51344.0 51470.0 50596.0 51554.0 51063.0 51270.0 49979.0 50708.0 51718.0 51361.0 51964.0 51452.0 53678.0 54799.0 52297.0 51178.0 52164.0 52617.0 52899.0 51402.0 54547.0 52498.0 52225.0 53072.0 51060.0 54602.0 53737.0 52825.0 52625.0 52553.0 53390.0 53201.0 52139.0 51832.0 51010.0 51079.0 52901.0 52614.0 52304.0 53615.0 53197.0 52996.0 52385.0 53385.0 54803.0 53908.0 53313.0 53489.0 53099.0 53518.0 52568.0 51276.0 51499.0 53631.0 54325.0 54759.0 53275.0 54635.0 56567.0 54069.0 55973.0 56466.0 53190.0 54489.0 55370.0 54808.0 55460.0 56273.0 54464.0 54351.0 54419.0 54767.0 54917.0 55682.0 56192.0 54635.0 55515.0 55615.0 55018.0 54761.0 55548.0 55378.0 55279.0 55178.0 55837.0 55297.0 56425.0 55697.0 56365.0 55137.0 56104.0 54457.0 55824.0 56355.0 55375.0 56064.0 55927.0 56029.0 57003.0 57034.0 55428.0 57965.0 57672.0 57136.0 58895.0 53780.0 56808.0 57070.0 55834.0 56659.0 57161.0 57780.0 56596.0 57037.0 57209.0 57568.0 56804.0
AR-0,4, 8872.0 9080.0 8683.0 8530.0 9255.0 8810.0 8963.0 8996.0 9627.0 9516.0 9785.0 12692.0 10662.0 10259.0 9515.0 9102.0 9365.0 9813.0 9719.0 9728.0 9386.0 10490.0 9676.0 9799.0 10009.0 10214.0 9964.0 9775.0 9892.0 10234.0 10502.0 10486.0 10207.0 10228.0 10406.0 10155.0 10268.0 10061.0 10767.0 10377.0 10715.0 10480.0 10491.0 10740.0 10681.0 10240.0 10384.0 10565.0 11236.0 11463.0 10738.0 11097.0 11037.0 11311.0 11752.0 11230.0 11542.0 11362.0 12028.0 11153.0 10918.0 12641.0 13328.0 12014.0 13673.0 11342.0 11330.0 11999.0 12127.0 11808.0 12092.0 12155.0 11747.0 12019.0 12365.0 12653.0 11845.0 12454.0 21477.0 14897.0 12242.0 12582.0 13310.0 13444.0 12734.0 12691.0 12597.0 13114.0 13300.0 13311.0 12537.0 12865.0 13310.0 12789.0 13650.0 13320.0 13104.0 13392.0 13044.0 13273.0 14189.0 13531.0 13337.0 13286.0 13949.0 13982.0 13721.0 13619.0 13458.0 14579.0 14230.0 13531.0 14048.0 14275.0 14160.0 13898.0 14094.0 14060.0 14657.0 13784.0 14151.0 14308.0 15026.0 14815.0 14452.0 14380.0 14517.0 14238.0 14696.0 14666.0 14462.0 14928.0 15313.0 14891.0 14958.0 15128.0 15393.0 14664.0 14737.0 14871.0 15233.0 15527.0 14780.0 15846.0 15116.0 15485.0 15797.0 15770.0 15492.0 15599.0 15155.0 15255.0 16648.0 16535.0 17829.0 18626.0 22192.0 51571.0 20359.0 17775.0 16428.0 16051.0 19431.0 17957.0 16969.0 18296.0 17183.0 17067.0 16555.0 16202.0 16865.0 16957.0 16654.0 16694.0 16495.0 17540.0 17124.0 16303.0 16287.0 16973.0 17116.0 16828.0 17485.0 16621.0 17330.0 16922.0 18324.0 17645.0 16883.0 18019.0 17687.0 17439.0 17367.0 17338.0 17672.0 17980.0 17563.0 17746.0 18273.0 17741.0 18059.0 17801.0 18306.0 18277.0 18290.0 17871.0 18881.0 18698.0 18175.0 18749.0 18566.0 18271.0 19196.0 18169.0 18365.0 18323.0 18994.0 18317.0 18431.0 19152.0 18996.0 19144.0 18944.0 18683.0 46071.0 20813.0 20140.0 19909.0 20645.0 19960.0 19337.0 19468.0 19884.0 19846.0 19612.0 19609.0 19917.0 19484.0 19933.0 19244.0 20542.0 19632.0 20584.0 20223.0 19322.0 20214.0 20005.0 20208.0 20579.0 20702.0 19820.0 20668.0 20792.0 20790.0 20456.0 20501.0 20200.0 20923.0 20189.0 22278.0 20687.0 20336.0 21360.0 20940.0 20743.0 20636.0 21761.0 20306.0 21562.0 20959.0 21319.0 21513.0 21465.0 21670.0 21489.0 21542.0 21718.0 21755.0 22208.0 21814.0 22123.0 22510.0 22295.0 21366.0 22793.0 21360.0 22863.0 21879.0 21808.0 22012.0 22546.0 22120.0 22420.0 22651.0 23014.0 23085.0 25057.0 23448.0 22944.0 23802.0 24707.0 23267.0 22473.0 22685.0 22494.0 23569.0 23100.0 22896.0 22220.0 24160.0 24760.0 24303.0 24072.0 24805.0 24187.0 23361.0 23530.0 23438.0 24165.0 23837.0 23604.0 23792.0 23463.0 23985.0 24323.0 24082.0 23860.0 23959.0 24305.0 23860.0 24695.0 25204.0 25564.0 25071.0 25816.0 24951.0 24908.0 25122.0 25451.0 25263.0 25281.0 25446.0 25183.0 25420.0 26332.0 26138.0 26967.0 25320.0 24846.0 25540.0 25383.0 25977.0 25737.0 25608.0 26154.0 25952.0 26598.0 27642.0 26561.0 25813.0 26073.0 26230.0 26337.0 26291.0 26837.0 26288.0 26514.0 26657.0 26431.0 27219.0 26689.0 26783.0 26749.0 26927.0 27250.0 27698.0 27128.0 27118.0 27155.0 27517.0 26951.0 27159.0 27366.0 27029.0 27362.0 27367.0 27696.0 27492.0 27289.0 27304.0 27109.0 27744.0 28108.0 27814.0 27851.0 28126.0 28053.0 28542.0 27753.0 28680.0 28702.0 28011.0 28183.0 28303.0 28350.0 28693.0 28710.0 28907.0 28969.0 28682.0 29085.0 28897.0 28885.0 28523.0 28980.0 29281.0 28993.0 29528.0 29345.0 29469.0 29249.0 29582.0 29695.0 29165.0 29187.0 29781.0 29226.0 29464.0 29809.0 30673.0 29560.0 29452.0 29340.0 30177.0 30273.0 30074.0 30176.0 29985.0 29735.0 29754.0 29928.0 30232.0 30454.0 30606.0 30218.0 30477.0 30763.0 30153.0 79739.0 39055.0 33742.0 32317.0 32787.0 33662.0 30395.0 30628.0 30771.0 31119.0 31112.0 30782.0 31121.0 30997.0 31067.0 30774.0 31438.0 31867.0 31217.0 31570.0 31354.0 30563.0 31861.0 31666.0 31447.0 32126.0 31864.0 31637.0 32148.0 32020.0 32334.0 31397.0 32032.0 32109.0 32278.0 32236.0 32478.0 32672.0 31671.0 34851.0 38616.0 33357.0 34309.0 35237.0 34061.0 32996.0 32323.0 32238.0 32982.0 33273.0 32421.0 33046.0 32673.0 32932.0 33067.0 32779.0 33312.0 33073.0 37262.0 35425.0 34935.0 33118.0 34559.0 37948.0 34709.0 34388.0 37226.0 35797.0 34704.0 35354.0 35336.0 34491.0 34313.0 34060.0 34729.0 34457.0 33412.0 33537.0 36921.0 35493.0 35615.0 35501.0 35095.0 35443.0 35925.0 35574.0 35115.0 35856.0 35873.0 36173.0 36473.0 36172.0 36517.0 36209.0 36662.0 36766.0 36870.0 36121.0 36927.0 35263.0 36481.0 36116.0 36294.0 36887.0 36146.0 36666.0 36638.0 36800.0 36582.0 36434.0 37658.0 38873.0 34676.0 36496.0 36571.0 38083.0 39663.0 37365.0 37382.0 37088.0 37998.0 37187.0 37986.0 37954.0 37994.0 37451.0 38289.0 37778.0 38271.0 38059.0 38820.0 38376.0 37817.0 38371.0 38069.0 37773.0 38170.0 38517.0 38668.0 38406.0 38477.0 38651.0 38090.0 38239.0 38586.0 37337.0 37635.0 37741.0 37767.0 37865.0 37785.0 38237.0 37490.0 38108.0 37880.0 38518.0 38303.0 38351.0 37814.0 38306.0 38488.0 37490.0 38260.0 38617.0 38234.0 38837.0 38442.0 38768.0 38806.0 38627.0 38889.0 39116.0 38557.0 38790.0 38872.0 37368.0 37906.0 39764.0 39048.0 39555.0 39161.0 39050.0 39037.0 39499.0 39196.0 39307.0 39570.0 37827.0 38449.0 37812.0 38351.0 39206.0 39657.0 40030.0 40078.0 40665.0 39868.0 39921.0 39750.0 40350.0 39981.0 39566.0 38964.0 38907.0 38741.0 39167.0 39383.0 39202.0 38711.0 39683.0 39261.0 39068.0 38894.0 39355.0 39545.0 39619.0 39571.0 39862.0 39351.0 40122.0 39485.0 39964.0 40112.0 40144.0 39768.0 40259.0 39663.0 40598.0 40278.0 39831.0 40534.0 40782.0 40700.0 40376.0 40482.0 40636.0 40137.0 40599.0 40457.0 40847.0 40598.0 40476.0 40669.0 40866.0 41005.0 40827.0 41019.0 40640.0 40513.0 41116.0 41386.0 41064.0 41089.0 40793.0 41416.0 41981.0 41088.0 41884.0 41900.0 41696.0 41488.0 41872.0 41174.0 42154.0 42072.0 42089.0 41723.0 41536.0 41749.0 42114.0 42131.0 42377.0 42267.0 41801.0 42893.0 42084.0 42390.0 42383.0 42454.0 42247.0 42964.0 42413.0 42673.0 42772.0 42770.0 43012.0 42485.0 43301.0 43048.0 43560.0 42724.0 43195.0 43518.0 42768.0 43663.0 43586.0 43571.0 43663.0 43526.0 43512.0 43497.0 43813.0 43699.0 44098.0 43796.0 44174.0 43802.0 44082.0 44033.0 43901.0 43838.0 44012.0 44360.0 44225.0 44382.0 44472.0 44412.0 44205.0 44428.0 44315.0 44576.0 44142.0 44314.0 44537.0 44560.0 45386.0 45105.0 45229.0 45246.0 44767.0 45038.0 44331.0 44718.0 45015.0 44986.0 44708.0 45673.0 45467.0 45456.0 45398.0 45482.0 45667.0 45726.0 45701.0 45879.0 45376.0 45804.0 45509.0 44645.0 45914.0 45760.0 45951.0 45571.0 46183.0 46253.0 46385.0 46592.0 46745.0 46062.0 46497.0 46431.0 46737.0 46136.0 46235.0 46650.0 46557.0 46870.0 46621.0 47215.0 46594.0 46866.0 46594.0 46861.0 47293.0 46535.0 46905.0 47032.0 47138.0 47232.0 46945.0 47397.0 47012.0 47478.0 47438.0 47869.0 47400.0 47354.0 47499.0 47432.0 47761.0 47261.0 47753.0 47351.0 47667.0 48000.0 48607.0 47869.0 47831.0 48327.0 48520.0 48431.0 48358.0 48443.0 48486.0 48250.0 48366.0 48419.0 52601.0 48345.0 45770.0 46094.0 46611.0 45773.0 46568.0 45785.0 49218.0 49021.0 48867.0 48914.0 49069.0 49044.0 48988.0 49144.0 49823.0 48969.0 49022.0 49173.0 50285.0 49360.0 49734.0 49603.0 49722.0 49230.0 49568.0 49633.0 49406.0 49614.0 49802.0 49122.0 50381.0 49770.0 50129.0 49939.0 50022.0 50331.0 50285.0 50190.0 50930.0 50588.0 50963.0 50652.0 50084.0 50889.0 50477.0 50861.0 50907.0 51054.0 50592.0 50602.0 51076.0 51353.0 51312.0 50955.0 51287.0 50806.0 51372.0 51625.0 51620.0 51805.0 51777.0 52054.0 51486.0 51506.0 51263.0 51738.0 51393.0 51532.0 51350.0 51678.0 51762.0 51713.0 51634.0 52401.0 52102.0 52249.0 52449.0 52447.0 52262.0 51833.0 50881.0 50971.0 50566.0 50684.0 51106.0 50972.0 51091.0 51556.0 51003.0 50814.0 50950.0 51395.0 51005.0 51374.0 51479.0 51057.0 52075.0 51240.0 51611.0 51849.0 51570.0 51875.0 51817.0 51941.0 51651.0 51048.0 50255.0 51181.0 51739.0 51935.0 51955.0 52478.0 51597.0 52481.0 52529.0 52407.0 52692.0 52958.0 52482.0 52194.0 52815.0 52833.0 52928.0 52598.0 52711.0 52724.0 52827.0 53928.0 52999.0 53807.0 53784.0 54422.0 54620.0 54818.0 55211.0 54177.0 55043.0 53756.0 54724.0 55380.0 54977.0 55490.0 55282.0 55059.0 55336.0 55275.0 55216.0 56217.0 56236.0 55674.0 55663.0 55449.0 55637.0 55687.0 56299.0 55536.0 56098.0 56501.0 56109.0 56533.0 55870.0 55274.0 56159.0 55897.0 57067.0 56740.0 56232.0
AR-0,4, 8951.0 8938.0 8592.0 8719.0 8918.0 9170.0 9354.0 8810.0 9294.0 8748.0 9428.0 9297.0 9731.0 9399.0 9411.0 9580.0 9399.0 9552.0 9941.0 9344.0 9439.0 9475.0 10006.0 9922.0 9893.0 10042.0 9886.0 9816.0 10274.0 10390.0 10412.0 10032.0 10244.0 10553.0 10101.0 10154.0 10785.0 10427.0 10500.0 10665.0 10463.0 10610.0 10250.0 10738.0 10539.0 11101.0 10578.0 11232.0 11418.0 11451.0 11172.0 10909.0 11061.0 11173.0 11454.0 11415.0 11461.0 11534.0 11367.0 11245.0 11536.0 11708.0 11717.0 11849.0 11343.0 11549.0 11507.0 11731.0 11841.0 12142.0 12169.0 11872.0 12263.0 11906.0 12040.0 12229.0 12784.0 12760.0 12600.0 12697.0 12585.0 12456.0 12454.0 12740.0 12812.0 12573.0 12394.0 12760.0 12808.0 12670.0 12922.0 13146.0 12798.0 12744.0 12806.0 13217.0 13082.0 12947.0 13406.0 12982.0 13124.0 13693.0 13674.0 13304.0 13679.0 13632.0 13503.0 13586.0 13297.0 13698.0 13939.0 13742.0 14011.0 14057.0 13892.0 13851.0 14246.0 13945.0 14048.0 14162.0 14155.0 14558.0 14491.0 14404.0 14413.0 14614.0 14746.0 14910.0 14971.0 14997.0 14432.0 15047.0 14836.0 14757.0 14943.0 14842.0 15473.0 15193.0 15383.0 15257.0 15124.0 15348.0 15428.0 15147.0 15505.0 15248.0 15669.0 15498.0 15624.0 15543.0 15503.0 15811.0 15804.0 15901.0 15240.0 15639.0 16056.0 15813.0 15987.0 16007.0 16143.0 16193.0 16382.0 16276.0 16577.0 16130.0 16292.0 16621.0 16419.0 16555.0 16393.0 16802.0 16887.0 17015.0 16821.0 17179.0 16908.0 16943.0 17801.0 17216.0 17139.0 17234.0 17317.0 17289.0 17123.0 17703.0 17125.0 17718.0 17456.0 17793.0 17135.0 17661.0 17512.0 18062.0 17979.0 18022.0 17963.0 18225.0 18122.0 17729.0 18155.0 18234.0 18459.0 18140.0 18022.0 18364.0 18161.0 18564.0 18304.0 18254.0 18460.0 18138.0 18744.0 18572.0 18920.0 18902.0 19126.0 19506.0 18989.0 18690.0 19491.0 19029.0 19418.0 19200.0 19172.0 19352.0 19124.0 19068.0 19096.0 19560.0 19522.0 19716.0 19475.0 19617.0 19445.0 19773.0 19640.0 19195.0 19864.0 20134.0 20119.0 19970.0 19766.0 20182.0 19742.0 20126.0 19884.0 20440.0 20743.0 19853.0 19545.0 19137.0 20266.0 20707.0 20252.0 20837.0 20663.0 20678.0 20532.0 20841.0 20514.0 20355.0 20883.0 20705.0 20808.0 20917.0 21272.0 21093.0 21309.0 21109.0 20935.0 21553.0 21067.0 21746.0 21364.0 21458.0 21426.0 22054.0 21659.0 21714.0 21676.0 21516.0 21556.0 22159.0 21518.0 21935.0 22125.0 22456.0 22058.0 22240.0 22266.0 22347.0 22762.0 22213.0 22295.0 22819.0 22321.0 22710.0 22609.0 22622.0 22037.0 22672.0 22841.0 22647.0 22609.0 23300.0 22914.0 22890.0 22967.0 23453.0 23615.0 23362.0 23362.0 23480.0 23509.0 23817.0 23333.0 23181.0 23494.0 23350.0 23959.0 23827.0 23601.0 23706.0 23722.0 23921.0 24301.0 24000.0 23564.0 23990.0 24117.0 24097.0 24327.0 24586.0 24631.0 24731.0 24641.0 24350.0 24865.0 24698.0 25073.0 24668.0 24755.0 24454.0 24455.0 24370.0 25126.0 24705.0 25051.0 25057.0 25022.0 25090.0 25064.0 24919.0 25359.0 25181.0 25280.0 25236.0 25631.0 25747.0 25630.0 25946.0 25803.0 25578.0 25091.0 25604.0 25645.0 25907.0 25970.0 25603.0 26181.0 26233.0 26127.0 25582.0 26795.0 26894.0 26378.0 26565.0 25918.0 26424.0 26949.0 26718.0 26533.0 26258.0 26714.0 26571.0 26738.0 26689.0 26766.0 27024.0 27204.0 26944.0 27310.0 27015.0 27194.0 27234.0 27031.0 27168.0 26964.0 27613.0 27758.0 27587.0 27629.0 27829.0 27501.0 27872.0 27681.0 27750.0 27954.0 27675.0 27919.0 27822.0 27777.0 28523.0 28044.0 28312.0 27844.0 28394.0 28480.0 28349.0 28239.0 28016.0 28657.0 28468.0 28746.0 29009.0 28973.0 28454.0 28940.0 28978.0 28326.0 28928.0 28949.0 28904.0 28754.0 29350.0 28583.0 29429.0 29193.0 29468.0 27629.0 29641.0 29825.0 29561.0 29384.0 29503.0 29439.0 29487.0 29503.0 29512.0 29744.0 29743.0 30076.0 29930.0 29609.0 29749.0 29519.0 30019.0 30311.0 30292.0 30271.0 30014.0 30162.0 30222.0 30524.0 30421.0 30959.0 30709.0 30955.0 30687.0 30707.0 30727.0 30920.0 30733.0 31237.0 30804.0 30776.0 31012.0 31360.0 31582.0 31221.0 31586.0 31011.0 30925.0 31502.0 30932.0 31708.0 31156.0 31009.0 31517.0 31422.0 31290.0 31847.0 31806.0 31700.0 31816.0 32558.0 31774.0 32232.0 31994.0 31897.0 32143.0 32592.0 32655.0 32459.0 32672.0 33131.0 32776.0 32060.0 32389.0 32756.0 32750.0 32849.0 32541.0 32137.0 32557.0 32814.0 33171.0 32957.0 32916.0 33195.0 32837.0 32799.0 32942.0 33013.0 33064.0 33443.0 33286.0 33127.0 33355.0 33752.0 33144.0 33740.0 32563.0 32441.0 34435.0 33737.0 33566.0 33440.0 33775.0 33777.0 33904.0 34099.0 34155.0 32716.0 32863.0 32863.0 32566.0 32686.0 34066.0 35093.0 34413.0 34244.0 34373.0 34917.0 34831.0 34725.0 34699.0 34811.0 34562.0 35373.0 34487.0 35092.0 34880.0 35327.0 35109.0 35457.0 35525.0 35115.0 35257.0 35152.0 35133.0 35430.0 35587.0 36138.0 35479.0 35852.0 35755.0 35176.0 35910.0 36332.0 35759.0 35828.0 35671.0 35749.0 36195.0 36435.0 36152.0 36207.0 36235.0 35819.0 36353.0 36440.0 36605.0 36468.0 36456.0 36740.0 36771.0 36378.0 36855.0 36778.0 36654.0 36940.0 36419.0 36797.0 36650.0 36789.0 36941.0 37264.0 37485.0 37232.0 37491.0 37659.0 37428.0 37589.0 36974.0 37684.0 37465.0 37462.0 37761.0 38109.0 38127.0 37482.0 37526.0 37893.0 37974.0 37697.0 38052.0 37904.0 38634.0 38268.0 37409.0 36884.0 36835.0 37564.0 36929.0 37270.0 37101.0 37268.0 37422.0 37832.0 38136.0 36894.0 37519.0 37852.0 37880.0 37625.0 37742.0 37972.0 38142.0 38044.0 37403.0 38367.0 38198.0 38184.0 38209.0 37996.0 38221.0 38112.0 37646.0 37728.0 38571.0 38824.0 38558.0 38459.0 38210.0 39455.0 38946.0 39115.0 38592.0 38870.0 38610.0 39322.0 38622.0 39119.0 38920.0 38752.0 38738.0 39308.0 38945.0 38941.0 38667.0 39520.0 38370.0 38681.0 39138.0 39193.0 39499.0 39307.0 39031.0 39629.0 39225.0 39293.0 40159.0 40359.0 39935.0 40289.0 40328.0 39840.0 40010.0 40201.0 40666.0 39894.0 40257.0 40193.0 40391.0 40436.0 40480.0 40190.0 40517.0 40170.0 41110.0 41865.0 42189.0 41903.0 42116.0 42156.0 42359.0 42199.0 42972.0 42261.0 42631.0 42458.0 41460.0 40925.0 42441.0 42357.0 42585.0 42404.0 42819.0 43125.0 42926.0 42656.0 42909.0 43005.0 42849.0 43243.0 42882.0 43173.0 43338.0 43063.0 42957.0 43148.0 43748.0 43130.0 43495.0 43533.0 44022.0 44085.0 43812.0 43619.0 43749.0 43619.0 43731.0 44160.0 43702.0 43919.0 44395.0 44267.0 43797.0 44581.0 44225.0 44258.0 44410.0 44221.0 44688.0 44698.0 44518.0 45064.0 44740.0 44352.0 44607.0 44282.0 44802.0 44567.0 44489.0 44767.0 44801.0 44541.0 44812.0 45101.0 44880.0 44713.0 45107.0 45088.0 44962.0 45451.0 45777.0 45190.0 44269.0 43132.0 43394.0 43401.0 43646.0 43500.0 43732.0 44976.0 45530.0 45843.0 46831.0 45952.0 46232.0 46114.0 46649.0 46808.0 46276.0 46531.0 46288.0 46654.0 46685.0 46698.0 46137.0 46363.0 46193.0 46583.0 46957.0 46798.0 47217.0 46813.0 47134.0 46980.0 47043.0 47237.0 46616.0 47344.0 47367.0 46607.0 47900.0 47297.0 47633.0 47784.0 48244.0 47630.0 47486.0 48077.0 47832.0 47052.0 47944.0 47761.0 47443.0 48634.0 48155.0 47617.0 48224.0 48437.0 48516.0 48448.0 47897.0 48010.0 48123.0 48615.0 48455.0 48686.0 48385.0 48463.0 48589.0 48972.0 49032.0 49020.0 49112.0 48873.0 48819.0 49226.0 48560.0 48702.0 48597.0 49487.0 48862.0 49306.0 49218.0 49378.0 49769.0 49651.0 49146.0 49538.0 49319.0 54110.0 48727.0 49961.0 50074.0 49706.0 49771.0 49995.0 50436.0 50036.0 50359.0 50177.0 50413.0 50299.0 50505.0 50341.0 50525.0 50070.0 50548.0 50643.0 49299.0 53116.0 51074.0 49916.0 51112.0 50546.0 49295.0 48365.0 49284.0 50818.0 50682.0 50941.0 51408.0 51560.0 51643.0 51012.0 51378.0 51407.0 50903.0 52227.0 52220.0 51356.0 51127.0 51653.0 51571.0 52270.0 51984.0 51637.0 51608.0 51387.0 52444.0 51939.0 52086.0 52128.0 52038.0 51909.0 52151.0 52572.0 52818.0 51657.0 52038.0 52296.0 52906.0 53029.0 53139.0 52464.0 52446.0 52649.0 53218.0 52438.0 53199.0 53175.0 53102.0 53154.0 53311.0 53469.0 53574.0 53871.0 52732.0 54296.0 52997.0 53620.0 52249.0 53525.0 54129.0 52887.0 53863.0 53692.0 53782.0 53235.0 53695.0 54215.0 53647.0 54359.0 54341.0 53517.0 54315.0 53172.0 54352.0 54184.0 54225.0 54288.0 54551.0 54008.0 53947.0 54040.0 54673.0 54920.0 54698.0 55227.0 54978.0 54840.0 54762.0 54233.0 54820.0 55045.0 55325.0 55435.0 54749.0 55973.0 55772.0 55053.0 55539.0 55211.0 55690.0 55783.0 55738.0 55855.0 55962.0 55528.0 53569.0 53667.0 53878.0 54151.0 54234.0 54111.0 53792.0 54212.0 53352.0 54299.0 54306.0 54957.0 54253.0 53915.0 55174.0 54701.0 54864.0 54218.0 55363.0
---querying for 3
B,4, 91244.0,864
---querying for 3 AND 2
C,4, 4659.0,3
---querying for 3 OR 2
D,4, 170285.0,1648
---querying for missing term
E,4, 1769.0,0


with skipping turned off


using 4 locales
initializing index
indexing complete in 2.46131e+07 microseconds
---querying 2 on each locale
AL-0,4, 122.0,376
AL-1,4, 109.0,344
AL-2,4, 111.0,353
AL-3,4, 108.0,324
---querying 2 on remote locales
AR-0,4, 10522.0 11106.0 10856.0 10578.0 10373.0 10741.0 10755.0 11475.0 10794.0 11027.0 11574.0 11318.0 10862.0 11203.0 11651.0 11200.0 12461.0 11304.0 11019.0 11342.0 11265.0 11542.0 10618.0 11822.0 11352.0 11106.0 10963.0 11202.0 11714.0 11872.0 10812.0 11764.0 12236.0 11788.0 12648.0 12275.0 11497.0 13039.0 11768.0 12897.0 12107.0 12730.0 12128.0 13144.0 11646.0 12129.0 12271.0 12512.0 12095.0 13046.0 12949.0 12620.0 12504.0 13142.0 12269.0 11892.0 12548.0 12880.0 13403.0 13774.0 13420.0 12568.0 13382.0 13955.0 13537.0 13231.0 13531.0 13918.0 12975.0 13441.0 13478.0 13640.0 13626.0 13588.0 13800.0 13515.0 13815.0 13778.0 13425.0 14219.0 13195.0 14290.0 13693.0 13904.0 14210.0 14227.0 15004.0 14224.0 14149.0 14115.0 14293.0 14368.0 14471.0 14448.0 14267.0 14591.0 14048.0 14284.0 14585.0 14390.0 14336.0 14912.0 14443.0 14624.0 14288.0 14713.0 14922.0 14739.0 14474.0 14447.0 14563.0 14782.0 14990.0 15597.0 14996.0 14768.0 15053.0 14967.0 15577.0 15748.0 15274.0 15476.0 15677.0 15545.0 15909.0 15677.0 15663.0 15721.0 15193.0 15722.0 15452.0 15627.0 15754.0 16488.0 15691.0 16435.0 16694.0 15971.0 16005.0 15983.0 15462.0 16659.0 16525.0 16862.0 16456.0 16978.0 16544.0 17092.0 16694.0 16744.0 16607.0 17372.0 16562.0 17198.0 17493.0 17573.0 17339.0 18050.0 17888.0 17313.0 17481.0 17020.0 17256.0 17752.0 17715.0 17728.0 17596.0 17617.0 17384.0 17077.0 17255.0 17563.0 17886.0 17381.0 18140.0 17374.0 17703.0 17887.0 18438.0 18765.0 18120.0 18940.0 18317.0 18683.0 18171.0 18787.0 18392.0 18102.0 18639.0 17908.0 19450.0 18960.0 19026.0 18743.0 18557.0 18710.0 18766.0 19254.0 18990.0 19662.0 19147.0 19283.0 19173.0 19116.0 19136.0 19394.0 19328.0 19167.0 19411.0 19038.0 19582.0 19564.0 19207.0 18967.0 18973.0 18664.0 18827.0 18700.0 17990.0 18526.0 18831.0 18490.0 18511.0 18524.0 18237.0 18420.0 18636.0 18220.0 18690.0 18342.0 19771.0 19511.0 19509.0 19657.0 19706.0 19856.0 19830.0 20680.0 19465.0 20740.0 19938.0 20087.0 20097.0 20318.0 20554.0 20658.0 20482.0 20538.0 20501.0 20649.0 20496.0 20510.0 20963.0 20464.0 21392.0 20819.0 20781.0 21001.0 21601.0 21048.0 21002.0 21037.0 21724.0 21046.0 21205.0 21753.0 20893.0 21580.0 21573.0 21683.0 21305.0 21197.0 21552.0 21571.0 21018.0 21432.0 22171.0 21703.0 21839.0 22213.0 22067.0 22217.0 22368.0 22238.0 21927.0 22372.0 22584.0 21914.0 22765.0 22347.0 22550.0 22313.0 22625.0 22836.0 22779.0 22788.0 22599.0 22728.0 22734.0 22368.0 22942.0 23030.0 23390.0 22623.0 23728.0 22712.0 23437.0 23318.0 23229.0 23076.0 22949.0 23297.0 23200.0 23233.0 24009.0 23456.0 23862.0 23686.0 24348.0 24420.0 24052.0 24408.0 24012.0 24076.0 24814.0 23855.0 24365.0 24400.0 24161.0 24054.0 24360.0 24029.0 24708.0 24459.0 24380.0 24419.0 24502.0 24428.0 24189.0 24829.0 24499.0 24981.0 24507.0 25020.0 25176.0 25118.0 24750.0 25479.0 25405.0 25688.0 25150.0 25090.0 25345.0 24864.0 25436.0 25902.0 25612.0 25426.0 25705.0 25760.0 25810.0 25903.0 25434.0 26009.0 26197.0 25656.0 25534.0 26874.0 26181.0 25884.0 26161.0 26110.0 25710.0 25902.0 26653.0 26204.0 26084.0 25890.0 26214.0 26316.0 26211.0 28260.0 26949.0 26959.0 27158.0 27554.0 26356.0 27502.0 26997.0 27136.0 26956.0 26960.0 27378.0 27241.0 26734.0 27857.0 26700.0 27698.0 27876.0 27444.0 28129.0 27420.0 28465.0 28362.0 28329.0 27352.0 28969.0 29069.0 27287.0 28452.0 27512.0 29362.0 28804.0 29314.0 27708.0 28716.0 28030.0 28193.0 28921.0 28669.0 29363.0 29465.0 29253.0 28212.0 29687.0 29155.0 29564.0 29371.0 30232.0 29701.0 30030.0 28888.0 29581.0 29790.0 27887.0 28811.0 28417.0 28774.0 29620.0 28511.0 28881.0 30026.0 31639.0 29277.0 30054.0 30920.0 30904.0 30443.0 29876.0 29595.0 30543.0 30286.0 30509.0 32322.0 31918.0 30850.0 32294.0 30931.0 32238.0 31410.0 31656.0 32110.0 31829.0 31365.0 30699.0 31782.0 32499.0 30564.0 32041.0 32401.0 32265.0 32946.0 31908.0 32739.0 31400.0 32431.0 32937.0 31496.0 33779.0 32171.0 33350.0 33665.0 32330.0 32398.0 32977.0 32538.0 33215.0 33655.0 34223.0 32579.0 33004.0 32419.0 33377.0 34078.0 33280.0 34214.0 33889.0 33726.0 32403.0 33514.0 33670.0 32769.0 35066.0 33797.0 34025.0 35497.0 33320.0 34445.0 33804.0 34078.0 35199.0 33632.0 33520.0 33641.0 34238.0 33829.0 33744.0 35008.0 34638.0 35086.0 34989.0 33647.0 34246.0 33956.0 35402.0 34035.0 33908.0 33790.0 34068.0 35264.0 35689.0 34617.0 35365.0 33742.0 35756.0 34888.0 35950.0 35496.0 35394.0 35583.0 34789.0 35107.0 36371.0 34646.0 35788.0 35886.0 35953.0 36229.0 36525.0 36111.0 35434.0 35152.0 35009.0 35181.0 36186.0 37459.0 36280.0 36117.0 36402.0 36698.0 36084.0 35669.0 35580.0 36514.0 36157.0 36430.0 36498.0 36348.0 36574.0 36710.0 36499.0 35978.0 36342.0 35711.0 36199.0 36072.0 36590.0 36711.0 36178.0 37147.0 36843.0 37127.0 37660.0 37319.0 36148.0 35920.0 37589.0 37943.0 36930.0 37023.0 37211.0 37213.0 37262.0 37549.0 37801.0 37626.0 37941.0 37908.0 38139.0 38356.0 38838.0 39970.0 39107.0 38152.0 37542.0 37986.0 37494.0 37943.0 38235.0 37170.0 38086.0 37343.0 38314.0 37406.0 38409.0 37712.0 38120.0 38744.0 38873.0 39843.0 39615.0 40455.0 39866.0 40328.0 38647.0 38795.0 38464.0 38809.0 38884.0 39346.0 38895.0 39096.0 39342.0 39641.0 39913.0 40471.0 39638.0 37750.0 39301.0 37776.0 37957.0 37877.0 39311.0 40680.0 39853.0 37587.0 37249.0 42426.0 38055.0 36250.0 36983.0 37858.0 38206.0 40157.0 41788.0 38690.0 38026.0 37816.0 38139.0 38774.0 40563.0 40342.0 39834.0 39590.0 40359.0 40693.0 40413.0 40744.0 39998.0 40758.0 40455.0 39957.0 40320.0 39885.0 40952.0 40287.0 40427.0 39663.0 40326.0 41185.0 40877.0 40679.0 41091.0 41371.0 41000.0 41526.0 41535.0 41068.0 40396.0 40826.0 41536.0 41296.0 41033.0 41244.0 41244.0 40285.0 41019.0 40841.0 40533.0 41202.0 40722.0 40611.0 41010.0 41162.0 41106.0 41002.0 41108.0 41054.0 41264.0 41422.0 41247.0 41360.0 41042.0 41743.0 41770.0 41955.0 41916.0 41274.0 41286.0 41969.0 42611.0 41827.0 41835.0 42320.0 42043.0 41918.0 42322.0 42262.0 42751.0 42006.0 42396.0 42507.0 43042.0 42217.0 42339.0 42292.0 42793.0 42981.0 42496.0 42314.0 42424.0 42800.0 42366.0 42805.0 42421.0 42915.0 42471.0 43664.0 43451.0 42819.0 45456.0 44071.0 42974.0 43389.0 43984.0 43433.0 43425.0 44177.0 43458.0 43768.0 42391.0 43549.0 43739.0 42619.0 43659.0 44097.0 44253.0 43777.0 44087.0 43698.0 44270.0 43936.0 43770.0 43913.0 43637.0 44330.0 44517.0 44358.0 44213.0 44694.0 44287.0 44435.0 44408.0 44623.0 44767.0 44771.0 44977.0 44841.0 44758.0 44793.0 44829.0 44869.0 45080.0 45387.0 44911.0 45140.0 45274.0 45188.0 45832.0 45261.0 45764.0 45261.0 45577.0 45787.0 45380.0 45959.0 46047.0 45796.0 45515.0 45782.0 46075.0 46098.0 45829.0 45818.0 46139.0 46101.0 45517.0 45505.0 46044.0 45923.0 46783.0 46585.0 46483.0 46368.0 43875.0 45092.0 46966.0 44833.0 46567.0 46909.0 46997.0 47403.0 46509.0 46957.0 47050.0 47193.0 47102.0 47359.0 46942.0 47925.0 47666.0 45967.0 46414.0 46135.0 46584.0 46739.0 46630.0 46913.0 46601.0 46864.0 47052.0 46413.0 46658.0 47473.0 47136.0 47565.0 46989.0 47131.0 47507.0 47303.0 47148.0 47370.0 47861.0 48117.0 47646.0 47542.0 47309.0 47430.0 48664.0 47971.0 48560.0 47765.0 47717.0 48378.0 48688.0 49219.0 48155.0 47817.0 49036.0 48703.0 47614.0 48739.0 49085.0 48871.0 48642.0 48848.0 48394.0 48259.0 48833.0 49459.0 49583.0 48620.0 49388.0 48529.0 49276.0 49401.0 49830.0 48904.0 49073.0 49347.0 49384.0 49627.0 49595.0 50060.0 50132.0 48913.0 49876.0 49802.0 49988.0 49680.0 50254.0 50137.0 49253.0 49955.0 49738.0 50771.0 49763.0 50870.0 49627.0 50413.0 50009.0 51197.0 50727.0 50602.0 50843.0 50341.0 50889.0 50605.0 50893.0 51002.0 50936.0 51295.0 51494.0 51475.0 51342.0 51752.0 51498.0 51034.0 51313.0 52202.0 51799.0 52482.0 51410.0 52115.0 51539.0 51915.0 52023.0 52082.0 51832.0 52011.0 51971.0 52522.0 52392.0 52369.0 52132.0 52095.0 52077.0 52452.0 53619.0 53219.0 52557.0 52482.0 52904.0 51492.0 51632.0 52534.0 52821.0 52957.0 50884.0 52323.0 52435.0 52671.0 53634.0 53753.0 52961.0 53437.0 52727.0 53828.0 53684.0 52920.0 53589.0 53433.0 53553.0 53799.0 53768.0 54138.0 52229.0 52078.0 51154.0 51961.0 55384.0 53667.0 54448.0 55799.0 55513.0 58043.0 58170.0 56695.0 56086.0 56565.0 56230.0 56319.0 56542.0 56783.0 56742.0 56648.0 56680.0 58209.0 58230.0 56650.0 57739.0 57914.0 57604.0 57443.0 55529.0 52392.0 50515.0 53067.0 57549.0 55340.0 58721.0 58610.0 57868.0 57420.0
AR-0,4, 9639.0 9623.0 9298.0 10314.0 9839.0 9740.0 9826.0 9989.0 10439.0 10309.0 9997.0 10090.0 10033.0 10412.0 10324.0 10298.0 10167.0 10444.0 10549.0 11076.0 10732.0 10505.0 10962.0 11312.0 10783.0 10814.0 11467.0 10916.0 11884.0 11021.0 10940.0 10879.0 11580.0 11285.0 11051.0 12115.0 11548.0 11567.0 11766.0 11281.0 11758.0 11569.0 11581.0 11954.0 11603.0 11755.0 11986.0 12335.0 12128.0 12069.0 11721.0 12544.0 12171.0 12229.0 12461.0 12211.0 12498.0 12397.0 12173.0 12237.0 12579.0 12476.0 12116.0 12797.0 12859.0 12668.0 12548.0 12587.0 13925.0 13929.0 13144.0 13207.0 13297.0 12883.0 12970.0 12894.0 13077.0 13308.0 13383.0 13260.0 13501.0 13601.0 13210.0 13339.0 13855.0 13766.0 13870.0 14035.0 13732.0 13933.0 13669.0 13719.0 13736.0 13943.0 13923.0 14450.0 14209.0 14332.0 13954.0 14149.0 14248.0 14244.0 14363.0 14648.0 14614.0 14432.0 14616.0 14673.0 14934.0 14633.0 14753.0 14457.0 15175.0 15269.0 15104.0 15337.0 15319.0 15280.0 14963.0 15616.0 15330.0 15401.0 15352.0 15361.0 15319.0 15943.0 15689.0 15771.0 15591.0 15977.0 15221.0 15810.0 15720.0 16016.0 16244.0 15996.0 16175.0 16140.0 15970.0 16133.0 15572.0 15865.0 16348.0 16227.0 16379.0 17088.0 16558.0 16159.0 16181.0 16518.0 16417.0 16716.0 16207.0 17307.0 17812.0 16986.0 16845.0 16875.0 17250.0 17149.0 16683.0 17534.0 16785.0 17035.0 17817.0 17366.0 17306.0 17610.0 17420.0 17290.0 18263.0 17673.0 17894.0 18326.0 17657.0 18322.0 17984.0 18240.0 18298.0 18428.0 17840.0 17903.0 17680.0 18698.0 18331.0 18309.0 18618.0 18449.0 18589.0 18084.0 18705.0 18923.0 18459.0 18405.0 18378.0 19003.0 18399.0 19132.0 18867.0 18821.0 19003.0 20098.0 18990.0 19832.0 19399.0 19079.0 19525.0 19449.0 19202.0 19351.0 19348.0 19693.0 20176.0 20014.0 19686.0 19488.0 19664.0 19536.0 19359.0 19177.0 19177.0 19236.0 19425.0 19275.0 19595.0 19279.0 19421.0 19479.0 20367.0 19443.0 19824.0 19623.0 19910.0 20261.0 19669.0 20618.0 20252.0 20326.0 20339.0 20606.0 20128.0 20453.0 20448.0 20189.0 20312.0 20542.0 20327.0 20427.0 21262.0 20476.0 20900.0 20518.0 20521.0 20447.0 20837.0 20765.0 20674.0 21519.0 21047.0 21258.0 21220.0 21318.0 21251.0 21406.0 21815.0 21198.0 21969.0 21694.0 21082.0 21557.0 21405.0 21417.0 21584.0 21408.0 22130.0 21971.0 22072.0 21965.0 22108.0 21727.0 22104.0 22049.0 21949.0 22299.0 22438.0 23284.0 23577.0 22337.0 22568.0 22369.0 22481.0 22228.0 23071.0 22107.0 21578.0 21830.0 22029.0 21372.0 21804.0 21897.0 22962.0 23320.0 23693.0 23173.0 23423.0 23829.0 23279.0 23358.0 23619.0 23144.0 23892.0 23640.0 23560.0 24179.0 23929.0 23668.0 23802.0 23773.0 24021.0 23734.0 23630.0 23559.0 23992.0 24068.0 24186.0 23768.0 23850.0 23952.0 24739.0 24343.0 24504.0 23811.0 24710.0 25155.0 24497.0 24641.0 24942.0 25068.0 24922.0 25196.0 25150.0 24987.0 24908.0 25274.0 25105.0 24868.0 24921.0 24983.0 24967.0 25228.0 25372.0 25530.0 25039.0 25366.0 24914.0 25861.0 24762.0 26874.0 25583.0 26026.0 26022.0 25324.0 25728.0 25507.0 26349.0 26097.0 26713.0 26830.0 27269.0 27614.0 27079.0 27313.0 26568.0 26532.0 26507.0 26089.0 27117.0 26738.0 26813.0 25942.0 26730.0 26562.0 26055.0 26663.0 27538.0 27145.0 27286.0 27926.0 27985.0 27511.0 26908.0 27391.0 28173.0 27160.0 27808.0 27377.0 28377.0 27955.0 28401.0 28366.0 27565.0 26254.0 26642.0 27057.0 28360.0 27773.0 27748.0 28130.0 29416.0 27627.0 28368.0 28837.0 28577.0 28135.0 28606.0 28850.0 28155.0 28053.0 28420.0 28430.0 28152.0 28099.0 28337.0 28558.0 29423.0 29098.0 28194.0 28817.0 29626.0 30509.0 30461.0 30751.0 30492.0 30342.0 30819.0 30259.0 30146.0 30846.0 30338.0 31025.0 30342.0 30926.0 30603.0 30329.0 30387.0 29246.0 30548.0 29703.0 31887.0 31523.0 31034.0 31427.0 32282.0 30899.0 30476.0 30399.0 30990.0 31678.0 31133.0 30853.0 31702.0 31472.0 31323.0 31614.0 31607.0 31604.0 31491.0 30734.0 31603.0 31120.0 31336.0 31296.0 31371.0 31668.0 31658.0 32138.0 31720.0 32006.0 32331.0 32521.0 32409.0 32472.0 32402.0 32344.0 33413.0 32981.0 32749.0 32406.0 32744.0 32132.0 32560.0 32951.0 32927.0 33495.0 32788.0 34099.0 33586.0 31925.0 32285.0 32125.0 31288.0 32420.0 32755.0 33300.0 33071.0 33020.0 33503.0 33568.0 33810.0 33479.0 33452.0 33413.0 33607.0 33426.0 33635.0 34153.0 33635.0 33804.0 34178.0 34273.0 34005.0 34441.0 34547.0 33973.0 33929.0 33967.0 33954.0 34138.0 34130.0 33989.0 34377.0 34459.0 34845.0 34732.0 34246.0 34527.0 34326.0 35140.0 34459.0 34769.0 34863.0 34714.0 34944.0 35314.0 34873.0 35241.0 35279.0 35719.0 36067.0 36316.0 35714.0 36350.0 35638.0 35736.0 35485.0 35596.0 35577.0 35810.0 35853.0 35396.0 35773.0 35716.0 35971.0 35615.0 35680.0 36036.0 36283.0 35747.0 36181.0 35921.0 35595.0 35695.0 36539.0 36308.0 36234.0 35483.0 36516.0 36805.0 35448.0 35650.0 35763.0 35898.0 35936.0 35786.0 35850.0 39369.0 36679.0 36705.0 36738.0 37232.0 37344.0 36361.0 36468.0 36270.0 36017.0 36368.0 36346.0 36096.0 36496.0 36965.0 36449.0 36586.0 36657.0 36432.0 37056.0 36364.0 36505.0 36561.0 36593.0 37053.0 37294.0 36840.0 36795.0 36258.0 38188.0 37222.0 37216.0 36672.0 37595.0 37435.0 37898.0 38596.0 37224.0 37563.0 38411.0 37685.0 37979.0 37540.0 37613.0 37528.0 37905.0 37934.0 38091.0 38053.0 37681.0 37989.0 38443.0 39167.0 38662.0 38277.0 38051.0 38576.0 37904.0 38834.0 38479.0 38181.0 38522.0 38775.0 38528.0 38441.0 38713.0 38924.0 38688.0 38756.0 38773.0 39088.0 38919.0 38784.0 38960.0 38881.0 38792.0 39328.0 39151.0 39145.0 39150.0 39322.0 39395.0 39530.0 39476.0 39760.0 39483.0 39706.0 39171.0 38543.0 39750.0 39759.0 40060.0 39929.0 40163.0 39553.0 39289.0 40144.0 39824.0 40007.0 40485.0 40178.0 40002.0 40083.0 40541.0 40441.0 40497.0 40377.0 40932.0 40356.0 40646.0 40970.0 41009.0 40661.0 40716.0 41061.0 41289.0 41141.0 40889.0 41125.0 41286.0 40957.0 41026.0 41659.0 41306.0 41134.0 41360.0 41699.0 41369.0 41848.0 41704.0 41835.0 41364.0 42029.0 42238.0 41726.0 42699.0 42057.0 41652.0 42101.0 42292.0 42857.0 41809.0 42683.0 41854.0 42268.0 42559.0 42216.0 42349.0 42489.0 42903.0 42219.0 42266.0 42321.0 42466.0 42319.0 42483.0 42766.0 43587.0 42601.0 41183.0 41149.0 40602.0 39753.0 44660.0 42909.0 43613.0 43496.0 43061.0 43562.0 43561.0 43037.0 43268.0 43734.0 43607.0 43802.0 43578.0 43697.0 43789.0 43520.0 43620.0 43817.0 44473.0 43820.0 44071.0 44357.0 43234.0 42694.0 43455.0 44475.0 43937.0 44300.0 44441.0 43532.0 43832.0 44675.0 44322.0 44612.0 44284.0 44977.0 44859.0 44553.0 44699.0 44948.0 45299.0 45295.0 45206.0 44918.0 45054.0 45225.0 45320.0 45745.0 45052.0 48537.0 46387.0 47699.0 44545.0 44610.0 47109.0 46081.0 46181.0 46951.0 47021.0 46965.0 46644.0 47688.0 47137.0 46988.0 48389.0 50081.0 49064.0 48161.0 46196.0 47691.0 47751.0 47994.0 48112.0 47921.0 48038.0 47647.0 47719.0 47175.0 48733.0 50343.0 48648.0 48091.0 48323.0 48534.0 48291.0 48575.0 48854.0 48444.0 48445.0 48516.0 48928.0 48978.0 48754.0 48756.0 48834.0 48411.0 48961.0 48903.0 48951.0 48839.0 49210.0 48741.0 48763.0 49310.0 49155.0 49431.0 48867.0 49627.0 49450.0 49513.0 49311.0 49479.0 49860.0 49638.0 49369.0 50057.0 49924.0 50079.0 49775.0 50174.0 50392.0 50145.0 50181.0 50207.0 50739.0 49828.0 50293.0 49809.0 50228.0 49111.0 48839.0 48900.0 48707.0 49501.0 49609.0 48797.0 49152.0 49446.0 49145.0 48823.0 49585.0 49242.0 48678.0 49814.0 49415.0 49609.0 49377.0 49604.0 50789.0 49126.0 50217.0 49158.0 50209.0 49996.0 49949.0 49835.0 49588.0 50237.0 50125.0 51097.0 50354.0 50901.0 50142.0 50014.0 50559.0 50870.0 50287.0 50867.0 50492.0 51631.0 50821.0 51048.0 51040.0 50263.0 50963.0 50467.0 51465.0 51490.0 50817.0 51255.0 50862.0 50906.0 51092.0 51340.0 51096.0 52026.0 51777.0 50987.0 51658.0 51301.0 51688.0 51308.0 51492.0 51740.0 51805.0 52355.0 51892.0 50294.0 49468.0 50333.0 44943.0 44263.0 46034.0 47503.0 49665.0 50322.0 50953.0 51570.0 52331.0 47795.0 52562.0 52579.0 52684.0 52726.0 52793.0 52678.0 53146.0 52562.0 52984.0 64774.0 50284.0 51956.0 53079.0 51410.0 60151.0 63029.0 53390.0 52675.0 52672.0 53492.0 53646.0 53570.0 53123.0 53602.0 54409.0 53832.0 53432.0 54440.0 51438.0 51205.0 50497.0 52865.0 53890.0 55125.0 54540.0 54512.0 54299.0 54858.0 54235.0 53685.0 54587.0 54348.0 54389.0 54544.0 54377.0 54923.0 54720.0 54701.0 55245.0 54630.0 54857.0 54690.0 54723.0 55023.0 55237.0 55086.0 55112.0 55129.0 54931.0 55771.0 55240.0 55937.0 55541.0 55569.0 55341.0 55401.0
AR-0,4, 9438.0 9199.0 9431.0 9462.0 9675.0 9873.0 9841.0 9547.0 9767.0 9551.0 9838.0 10083.0 10118.0 10083.0 9745.0 10077.0 10450.0 10291.0 10038.0 10018.0 10371.0 10524.0 10499.0 10540.0 10277.0 10927.0 10511.0 10311.0 10483.0 10816.0 11440.0 10648.0 10654.0 11023.0 11102.0 11309.0 10842.0 11041.0 10967.0 11203.0 11245.0 11493.0 10899.0 11099.0 11231.0 11365.0 11076.0 11869.0 11599.0 11653.0 11628.0 11645.0 11874.0 11844.0 11967.0 11729.0 11701.0 11704.0 11868.0 11903.0 12181.0 12259.0 12359.0 12336.0 11820.0 12152.0 12371.0 12432.0 12823.0 12487.0 12696.0 12643.0 12681.0 12473.0 12408.0 12761.0 12655.0 12890.0 13003.0 12758.0 12944.0 12875.0 12809.0 13095.0 13126.0 13484.0 13476.0 12989.0 13552.0 13583.0 13406.0 13305.0 13661.0 13321.0 13665.0 13364.0 13688.0 14040.0 13672.0 13341.0 13535.0 13517.0 13302.0 13755.0 13608.0 13770.0 13767.0 13861.0 14011.0 14768.0 15070.0 14462.0 14517.0 14470.0 14441.0 14696.0 14562.0 14826.0 14776.0 14571.0 14975.0 14870.0 14895.0 14962.0 15134.0 14748.0 15016.0 14628.0 15028.0 15641.0 14771.0 15596.0 15535.0 14953.0 15395.0 15676.0 15539.0 15641.0 15716.0 15753.0 15587.0 15650.0 15891.0 15882.0 16235.0 15922.0 16475.0 15632.0 16051.0 16266.0 16033.0 16353.0 15512.0 16000.0 16585.0 16072.0 15277.0 16165.0 18928.0 15828.0 17062.0 16194.0 16797.0 16556.0 16997.0 16850.0 17257.0 16730.0 16998.0 16718.0 17312.0 17042.0 17387.0 17360.0 16998.0 17495.0 17391.0 17233.0 17317.0 17467.0 17455.0 17004.0 17831.0 17692.0 18014.0 17899.0 17837.0 17871.0 17315.0 17995.0 18153.0 17910.0 17994.0 18187.0 18013.0 17987.0 17689.0 18156.0 18519.0 18669.0 18310.0 18819.0 18533.0 18535.0 18449.0 18677.0 18544.0 18823.0 19325.0 18714.0 18980.0 19003.0 19255.0 18761.0 19215.0 18916.0 19003.0 19516.0 19386.0 18957.0 18976.0 19708.0 19124.0 19534.0 19435.0 19368.0 19409.0 19641.0 19792.0 19811.0 20001.0 19508.0 20656.0 20002.0 19906.0 19863.0 20139.0 20293.0 19943.0 20567.0 20449.0 20595.0 20248.0 20288.0 20457.0 20554.0 20346.0 20682.0 20763.0 20798.0 20476.0 21093.0 20826.0 20518.0 20858.0 20659.0 21015.0 21460.0 21044.0 20807.0 21630.0 20920.0 21594.0 21408.0 21330.0 21537.0 21226.0 21607.0 21839.0 21450.0 21402.0 21388.0 21925.0 21957.0 21462.0 21696.0 21679.0 21950.0 22006.0 22397.0 21717.0 22234.0 22227.0 22172.0 22391.0 22264.0 22789.0 22586.0 22642.0 22136.0 22789.0 22795.0 22036.0 23006.0 22807.0 22748.0 22630.0 23097.0 22780.0 22936.0 22870.0 23048.0 23019.0 22914.0 23702.0 22632.0 22950.0 23211.0 23449.0 23105.0 23461.0 23724.0 23517.0 23264.0 23336.0 23692.0 23733.0 23651.0 24052.0 24359.0 24060.0 24273.0 24003.0 24136.0 24452.0 23823.0 24555.0 23724.0 23813.0 24439.0 24325.0 24523.0 24765.0 24687.0 24381.0 24390.0 24444.0 25219.0 24662.0 24621.0 24768.0 24553.0 24759.0 24554.0 24666.0 24950.0 24742.0 24731.0 25317.0 25730.0 25232.0 25401.0 25208.0 25378.0 25173.0 25931.0 25605.0 25419.0 25600.0 25470.0 25347.0 25601.0 25537.0 25599.0 26205.0 25772.0 25727.0 26205.0 26371.0 26089.0 26059.0 25645.0 26554.0 26218.0 26404.0 26354.0 26223.0 26445.0 26221.0 26517.0 26797.0 26587.0 26479.0 26243.0 26669.0 26854.0 26825.0 26905.0 27104.0 26985.0 27322.0 27485.0 27345.0 27346.0 26813.0 27443.0 27089.0 27120.0 27029.0 27585.0 27396.0 27382.0 27360.0 27437.0 27432.0 27647.0 27954.0 27582.0 27601.0 27741.0 27969.0 28037.0 27987.0 27947.0 27961.0 28072.0 27908.0 28119.0 28442.0 28059.0 28257.0 28639.0 28130.0 28763.0 28862.0 28361.0 28820.0 28300.0 28872.0 28485.0 28464.0 28644.0 28837.0 28611.0 28471.0 28786.0 28880.0 29513.0 29011.0 28960.0 29293.0 29354.0 29200.0 29011.0 29280.0 29625.0 29151.0 29540.0 30132.0 29473.0 29604.0 30099.0 29965.0 29994.0 29353.0 30216.0 30147.0 29993.0 29927.0 30014.0 30105.0 30433.0 30565.0 30736.0 30333.0 30196.0 30369.0 30376.0 30389.0 30407.0 30265.0 30480.0 30453.0 30616.0 30922.0 30996.0 30793.0 31026.0 31405.0 30872.0 31001.0 31642.0 31621.0 30880.0 31270.0 31196.0 31183.0 31132.0 31441.0 31242.0 31650.0 31246.0 31483.0 31642.0 31737.0 31831.0 31776.0 31929.0 31608.0 31673.0 31979.0 32074.0 32543.0 31951.0 32359.0 31897.0 32353.0 32143.0 32600.0 32386.0 32470.0 32553.0 32763.0 32523.0 32471.0 33013.0 32353.0 32167.0 32789.0 32813.0 33251.0 32795.0 33168.0 32728.0 32838.0 32621.0 32773.0 33388.0 33161.0 33076.0 33722.0 33490.0 33842.0 33939.0 33221.0 33650.0 33887.0 33720.0 33657.0 33475.0 33563.0 33966.0 34217.0 33962.0 33949.0 33944.0 33863.0 33831.0 34071.0 39645.0 48888.0 34080.0 34238.0 34352.0 34569.0 34172.0 34443.0 34600.0 34681.0 34809.0 34586.0 34907.0 34032.0 34593.0 34957.0 34790.0 35283.0 35006.0 34667.0 35316.0 35071.0 35364.0 34816.0 34944.0 35429.0 34973.0 35119.0 35371.0 35742.0 35778.0 35660.0 35613.0 35824.0 35745.0 36069.0 36091.0 35778.0 36172.0 36028.0 34708.0 35663.0 35551.0 36514.0 35897.0 36336.0 36173.0 36039.0 36726.0 36238.0 36545.0 36533.0 36912.0 36538.0 36988.0 37054.0 36647.0 37190.0 36474.0 36590.0 36506.0 36960.0 36794.0 37080.0 37327.0 36976.0 37258.0 37205.0 37359.0 37155.0 37004.0 37458.0 37544.0 37223.0 37508.0 37805.0 37751.0 37874.0 37176.0 37395.0 37725.0 38134.0 37964.0 37822.0 37608.0 37994.0 38160.0 38048.0 37668.0 38494.0 38272.0 38229.0 38177.0 38433.0 38485.0 38652.0 38451.0 38464.0 38483.0 38830.0 38558.0 39336.0 38927.0 38977.0 38770.0 39218.0 39216.0 38796.0 38654.0 38701.0 39253.0 39152.0 38773.0 37987.0 37672.0 37241.0 37700.0 38662.0 39351.0 39865.0 40036.0 39345.0 39638.0 39281.0 40130.0 38996.0 40029.0 40160.0 39595.0 40432.0 40493.0 40428.0 40276.0 39749.0 40140.0 40345.0 40371.0 40090.0 41049.0 40447.0 40701.0 40501.0 40646.0 40273.0 40410.0 40685.0 41107.0 40616.0 41414.0 41010.0 41104.0 40658.0 40951.0 41031.0 40652.0 41321.0 41216.0 41388.0 41065.0 41168.0 41200.0 41160.0 41452.0 41759.0 41800.0 41195.0 41956.0 41504.0 41941.0 41850.0 41530.0 41842.0 41734.0 41761.0 41609.0 42450.0 41869.0 43137.0 42280.0 42092.0 42391.0 42609.0 42311.0 42445.0 42180.0 42468.0 42279.0 42640.0 42737.0 42957.0 43003.0 42955.0 42928.0 42334.0 42732.0 42369.0 43173.0 43151.0 42946.0 43091.0 42752.0 44026.0 43304.0 43149.0 43325.0 43134.0 43704.0 43351.0 43697.0 43667.0 43616.0 43785.0 44238.0 43282.0 43973.0 43883.0 43743.0 44494.0 43695.0 43774.0 44504.0 44147.0 43790.0 44195.0 43942.0 44191.0 44103.0 44390.0 44145.0 45083.0 45057.0 44414.0 44619.0 44618.0 44505.0 45030.0 45054.0 44978.0 45419.0 45192.0 44538.0 44723.0 44633.0 44624.0 44888.0 44928.0 44959.0 45410.0 45035.0 45766.0 45159.0 44895.0 46044.0 45160.0 45693.0 45665.0 45766.0 45267.0 45934.0 45461.0 45682.0 46229.0 45900.0 45758.0 46346.0 45892.0 46312.0 45950.0 47173.0 46223.0 46147.0 46546.0 46643.0 46336.0 46809.0 46589.0 46447.0 46356.0 46241.0 46870.0 46913.0 46596.0 46325.0 46956.0 47073.0 46662.0 47180.0 46816.0 47008.0 47314.0 47207.0 47383.0 47160.0 47137.0 47644.0 47950.0 47133.0 46974.0 47478.0 47539.0 47808.0 47797.0 47836.0 47786.0 47838.0 47638.0 47906.0 48304.0 47787.0 47988.0 48095.0 48011.0 48004.0 48321.0 48173.0 48020.0 48473.0 48422.0 48126.0 49136.0 48659.0 48425.0 48545.0 48378.0 49022.0 49024.0 48574.0 48682.0 49122.0 48377.0 48756.0 48991.0 46566.0 46332.0 46826.0 46953.0 47329.0 46672.0 48465.0 49665.0 49419.0 49895.0 49614.0 49513.0 49881.0 49283.0 49518.0 49661.0 49397.0 49989.0 50014.0 49977.0 50020.0 50574.0 49829.0 50088.0 50388.0 50318.0 50393.0 49966.0 50504.0 50431.0 49819.0 50239.0 50438.0 50517.0 50142.0 50334.0 50407.0 51105.0 50159.0 50563.0 51000.0 50759.0 51156.0 50733.0 51067.0 50921.0 49658.0 48543.0 48357.0 48763.0 51565.0 51275.0 51433.0 51365.0 51829.0 51703.0 51587.0 52030.0 51692.0 52144.0 51885.0 52078.0 51991.0 52023.0 51980.0 52019.0 51760.0 52147.0 51926.0 52152.0 52287.0 51970.0 52231.0 52284.0 52164.0 52441.0 52601.0 52773.0 53021.0 52686.0 52406.0 52507.0 52788.0 52557.0 52754.0 53099.0 52774.0 52928.0 53360.0 53247.0 52876.0 53043.0 53084.0 53284.0 52562.0 53335.0 53819.0 53052.0 53410.0 53345.0 53612.0 53574.0 53453.0 53406.0 52674.0 51238.0 51509.0 52092.0 53701.0 53859.0 54170.0 54048.0 54565.0 54017.0 54479.0 54294.0 54934.0 54573.0 54645.0 54597.0 54414.0 55030.0 54712.0 54627.0 55777.0 54653.0 54798.0 54620.0 54697.0 54983.0 54200.0 54822.0 55030.0 55370.0 55422.0 55180.0 55047.0 55298.0 55118.0 55870.0 55997.0 55182.0 55696.0
---querying for 3
B,4, 83947.0,848
---querying for 3 AND 2
C,4, 2336.0,3
---querying for 3 OR 2
D,4, 157636.0,1645
---querying for missing term
E,4, 2081.0,0


